1659.564980
1659.565029
1659.565045
1659.565060
1659.565074
1659.565088
1659.565103
1659.565117
1659.565131
1659.565142
1659.565155
1659.565167
1659.565178
1659.565190
1659.565202
1659.565214
1659.565225
1659.565237
1659.565249
1659.565261
1659.565272
1659.565283
1659.565295
1659.565306
1659.565319
1659.565332
1659.565344
1659.565356
1659.565368
1659.565380
1659.565462
1659.565474
1659.565486
1659.565507
1659.565518
1659.565529
1659.565541
1659.565553
1659.565565
1659.565577
1659.565588
1659.565599
1659.565610
1659.565621
1659.565632
1659.565643
1673.890892
1673.890948
1673.890965
1673.890981
1673.890996
1673.891010
1673.891024
1673.891037
1673.891051
1673.891065
1673.891079
1673.891097
1673.891110
1673.891125
1673.891140
1673.891154
1673.891170
1673.891183
1673.891237
1673.891252
1673.891264
1673.891278
1673.891291
1673.891304
1673.891322
1673.891334
1673.891346
1673.891358
1673.891370
1673.891382
1673.891394
1673.891407
1673.891418
1673.891430
1673.891509
1673.891521
1673.891541
1673.891553
1673.891564
1673.891575
1673.891587
1673.891599
1673.891612
1673.891623
1673.891636
1673.891648
