196.455353
196.455406
196.455807
198.022248
198.022407
198.022507
198.022748
198.022784
198.022919
198.023129
198.023181
198.023355
198.023472
198.023513
198.024052
198.596192
198.596322
198.596632
198.599375
198.599415
198.600033
198.932067
198.932216
198.932354
198.932847
198.932897
198.933364
198.933419
198.933570
198.933809
205.105744
205.106540
205.106676
205.106782
205.106855
205.106928
205.107006
205.138816
205.138913
205.138945
205.138972
205.138995
205.139020
205.139044
205.153300
205.153388
205.153427
205.153464
205.153501
205.153538
205.153576
205.192552
205.192648
205.192689
205.192731
205.192768
205.192805
205.192842
205.193188
205.193261
205.193326
205.193391
205.193457
205.193522
205.232250
205.232582
205.232655
205.232722
205.232853
205.232931
205.232996
205.233060
205.233127
205.233191
205.233257
205.233321
205.233385
205.233451
205.233516
205.233592
205.233658
205.233722
205.233788
205.233854
205.233920
205.233985
205.234050
205.280105
205.280194
205.280234
205.280273
205.280313
205.280354
205.280393
205.280431
205.280473
205.280514
205.280551
205.280590
205.280628
205.280666
205.280705
205.280745
205.280784
205.280824
205.280863
205.280901
205.281195
205.281266
205.281336
205.281403
205.281471
205.281539
205.281606
205.281673
205.281742
205.292890
205.293007
205.293050
205.293089
205.293128
205.293167
205.293206
205.293246
205.293286
205.293324
205.293365
205.293475
205.293519
205.293842
205.293914
205.293984
205.294142
205.294377
205.294562
205.294642
205.294713
205.294781
205.294852
205.294925
205.294994
205.295063
205.295132
205.295200
205.295270
205.333553
205.333664
205.333709
205.333753
205.333796
205.333838
205.333878
205.333921
205.333963
205.334038
205.334181
205.334225
205.334567
205.334655
205.334757
205.334839
205.334913
205.334987
205.335062
205.335147
205.335222
205.335294
205.335367
205.335437
205.335508
205.335581
205.335654
205.335726
205.335799
205.335869
205.374527
205.374906
205.374983
205.375054
205.375197
205.375272
205.406333
205.406437
205.406484
205.406525
205.406569
205.406610
205.406650
205.406694
205.406733
205.406776
205.406888
205.406934
205.406976
205.407018
205.407061
205.407105
205.407147
205.407188
205.407229
205.407271
205.407311
205.407352
205.407392
205.407433
205.407724
205.407797
205.407866
205.429658
205.429777
205.429821
205.429863
205.429904
205.429949
205.429991
205.430033
205.430108
205.430400
205.430445
205.430487
205.430529
205.430571
205.430612
205.430654
205.430696
205.430738
205.430780
205.430823
205.430865
205.430906
205.430947
205.430993
205.431035
205.431077
205.431123
205.469961
205.470124
205.470167
205.470209
205.470248
205.470286
205.470326
205.470363
205.470468
205.470510
205.470547
205.470587
205.470626
205.470665
205.470707
205.470746
205.470786
205.470826
205.470866
205.470906
205.470945
205.470983
205.471057
205.471103
205.471143
205.471183
205.471223
205.508116
205.508227
205.508594
205.508681
205.508759
205.508840
205.508921
205.508999
205.509080
205.509162
205.509244
205.509329
205.509411
205.509500
205.509583
205.509666
205.509751
205.509838
205.509922
205.510008
205.510163
205.510949
205.539249
205.539376
205.539429
205.539472
205.539520
205.539564
205.539607
205.539650
205.539692
205.539733
205.539778
205.539823
205.539867
205.539912
205.539955
205.540001
205.540045
205.540088
205.540132
205.540198
205.540241
205.540281
205.540325
205.540366
205.540407
205.540447
205.540488
205.575195
205.575301
205.575345
205.575389
205.575434
205.575476
205.575520
205.575563
205.575605
205.575717
205.575762
205.575806
205.575846
205.575894
205.575935
205.575977
205.576021
205.576069
205.576121
205.576159
205.576198
205.576238
205.576279
205.576318
205.576359
205.576397
205.576436
205.603967
205.604083
205.604135
205.604185
205.604241
205.604291
205.604341
205.604391
205.604513
205.604572
205.604629
205.604693
205.604764
205.604834
205.604895
205.604952
205.605015
205.605064
205.605115
205.605170
205.605220
205.605267
205.605313
205.605361
205.605408
205.605456
205.605509
205.638000
205.638140
205.638187
205.638229
205.638270
205.638313
205.638359
205.638403
205.638444
205.638483
205.638523
205.638598
205.638642
205.638683
205.638726
205.639025
205.639096
205.639164
205.639232
205.639305
205.639381
205.639448
205.639515
205.639582
205.639650
205.639718
205.639786
205.669463
205.669563
205.669603
205.669642
205.669679
205.669716
205.669754
205.669793
205.669832
205.669873
205.670233
205.670318
205.670390
205.670460
205.670529
205.670598
205.670666
205.670734
205.670802
205.670870
205.670940
205.671009
205.671078
205.671147
205.671224
205.671294
205.671364
205.707112
205.707216
205.707260
205.707299
205.707338
205.707379
205.707418
205.707457
205.707496
205.707534
205.707573
205.707613
205.707653
205.707692
205.707733
205.707774
205.707812
205.707852
205.707897
205.707936
205.707974
205.708014
205.708053
205.708164
205.708208
205.708247
205.708286
205.746299
205.748672
205.748756
205.748799
205.748840
205.748881
205.748922
205.748960
205.749000
205.749041
205.749082
205.749120
205.749159
205.749197
205.749236
205.749275
205.749313
205.749352
205.749392
205.749431
205.749468
205.749507
205.749546
205.749584
205.749623
205.749660
205.749699
205.774051
205.774327
205.774373
205.774414
205.774453
205.774493
205.774533
205.774573
205.774615
205.774723
205.774766
205.774805
205.774844
205.774883
205.774945
205.774984
205.775024
205.775067
205.775106
205.775145
205.775186
205.775228
205.775267
205.775306
205.775389
205.775473
205.775566
205.812805
205.812903
205.812942
205.812979
205.813017
205.813054
205.813091
205.813129
205.813167
205.813204
205.813245
205.813282
205.813318
205.813355
205.813392
205.813429
205.813467
205.813504
205.813541
205.813577
205.813615
205.813652
205.813690
205.813727
205.813763
205.813807
205.813844
205.839205
205.839586
205.839661
205.839733
205.839803
205.839873
205.839941
205.840011
205.840082
205.840151
205.840221
205.840290
205.840359
205.840427
205.840496
205.840566
205.840640
205.840708
205.840777
205.840848
205.840918
205.840988
205.841061
205.841131
205.841200
205.841269
205.841340
205.876475
205.876582
205.876649
205.876718
205.876773
205.876829
205.876884
205.876939
205.876994
205.877049
205.877110
205.877166
205.877221
205.877276
205.877335
205.877391
205.877445
205.877500
205.877556
205.878085
205.878313
205.878481
205.878601
205.878719
205.878828
205.878999
205.879141
205.908525
205.908887
205.908969
205.909075
205.909145
205.909214
205.909287
205.909359
205.909428
205.909498
205.909567
205.909636
205.909704
205.909774
205.909845
205.909915
205.909984
205.910115
205.910195
205.910281
205.910368
205.910458
205.910548
205.910641
205.910730
205.910824
205.910925
205.940416
205.940536
205.940606
205.940644
205.940666
205.940686
205.940705
205.940718
205.940731
205.940743
205.940756
205.940769
205.940782
205.940795
205.940807
205.940821
205.940833
205.940846
205.940858
205.940871
205.940885
205.940897
205.940909
205.940928
205.941028
205.941066
205.941098
205.971176
205.971278
205.971319
205.971357
205.971395
205.971433
205.971471
205.971510
205.971547
205.971584
205.971621
205.971691
205.971732
205.971773
205.971810
205.971848
205.971886
205.971923
205.971961
205.971998
205.972036
205.972074
205.972113
205.972150
205.972189
205.972230
205.972268
206.009087
206.009196
206.009241
206.009282
206.009321
206.009361
206.009403
206.009441
206.009481
206.009519
206.009560
206.009596
206.009704
206.009754
206.009806
206.009870
206.009929
206.009991
206.010048
206.013250
206.013313
206.013358
206.013397
206.013435
206.013472
206.013510
206.013549
206.034533
206.034643
206.034685
206.034723
206.034760
206.034798
206.034858
206.034898
206.034936
206.034975
206.035012
206.035120
206.035162
206.035200
206.035239
206.035282
206.035318
206.035356
206.035393
206.035452
206.035512
206.035554
206.035591
206.035629
206.035668
206.035710
206.035746
206.061799
206.061905
206.061947
206.061987
206.062027
206.062132
206.062174
206.062212
206.062250
206.062324
206.062361
206.062402
206.062439
206.062478
206.062521
206.062561
206.062599
206.062636
206.062673
206.062711
206.062749
206.062788
206.062826
206.062863
206.062902
206.062939
206.062981
206.104144
206.104248
206.104290
206.104329
206.104370
206.104408
206.104445
206.104483
206.104520
206.104556
206.104596
206.104632
206.104670
206.104707
206.104745
206.104783
206.104821
206.104864
206.104901
206.104938
206.104975
206.105012
206.105049
206.105087
206.105125
206.105163
206.105200
206.137956
206.138091
206.140785
206.140865
206.140906
206.140957
206.140996
206.141035
206.141075
206.141113
206.141152
206.141191
206.141233
206.141275
206.141313
206.141355
206.141395
206.141434
206.141472
206.141512
206.141550
206.141589
206.141628
206.141666
206.141705
206.141744
206.141784
206.179838
206.179948
206.179988
206.180027
206.180067
206.180106
206.180146
206.180185
206.180224
206.180263
206.180373
206.180414
206.180453
206.180491
206.180529
206.180567
206.180607
206.180645
206.180684
206.180724
206.180773
206.180819
206.180861
206.180911
206.180951
206.180995
206.181039
206.204357
206.204858
206.204962
206.205045
206.205126
206.205206
206.205284
206.205439
206.205521
206.205601
206.205680
206.205763
206.205852
206.205934
206.206012
206.206137
206.206228
206.206307
206.206383
206.206461
206.206546
206.206623
206.206706
206.206783
206.206862
206.206940
206.207018
206.237283
206.237762
206.237846
206.237921
206.238027
206.238165
206.238248
206.238391
206.238467
206.238564
206.238653
206.238728
206.238804
206.239017
206.239137
206.239215
206.239293
206.239366
206.239446
206.239519
206.239595
206.239669
206.239744
206.239819
206.239893
206.239971
206.240049
206.271091
206.271212
206.271254
206.271293
206.271331
206.271368
206.271407
206.271446
206.271486
206.271525
206.271569
206.271608
206.271650
206.271688
206.271728
206.271766
206.271806
206.271846
206.271884
206.271923
206.271962
206.272003
206.272042
206.272082
206.272127
206.272167
206.272208
206.296145
206.296249
206.296291
206.296338
206.296382
206.296424
206.296464
206.296502
206.296540
206.296585
206.296707
206.296757
206.296803
206.296850
206.296896
206.296944
206.296990
206.297036
206.297087
206.297134
206.297179
206.297224
206.297269
206.297315
206.297361
206.297406
206.297450
206.337787
206.337891
206.337930
206.337967
206.338006
206.338044
206.338299
206.338344
206.338383
206.338423
206.338461
206.338501
206.338541
206.338582
206.338685
206.338728
206.338770
206.338809
206.339133
206.340474
206.340580
206.340663
206.340748
206.340829
206.340918
206.341002
206.341089
206.372479
206.372590
206.372634
206.372675
206.372735
206.372790
206.372829
206.372873
206.372912
206.373020
206.373066
206.373106
206.373146
206.373185
206.373224
206.373262
206.373303
206.373341
206.373382
206.373423
206.373463
206.373502
206.373542
206.373583
206.373624
206.373666
206.374054
206.404495
206.404598
206.404642
206.404682
206.404720
206.404758
206.404799
206.404840
206.404878
206.404918
206.405034
206.405078
206.405118
206.405157
206.405196
206.405234
206.405273
206.405312
206.405352
206.405392
206.405434
206.405473
206.405513
206.405556
206.405598
206.405640
206.405683
206.441783
206.441885
206.441926
206.441967
206.442005
206.442043
206.442343
206.442446
206.442534
206.442575
206.442617
206.442659
206.442696
206.442734
206.442772
206.442868
206.442909
206.443000
206.443092
206.443133
206.443171
206.443210
206.443248
206.443286
206.443324
206.443362
206.443399
206.479602
206.479706
206.479747
206.479785
206.479824
206.479862
206.479900
206.479939
206.479977
206.480014
206.480053
206.480091
206.480130
206.480169
206.480207
206.480245
206.480284
206.480397
206.480456
206.480500
206.480539
206.480577
206.480616
206.480656
206.480694
206.480732
206.480771
206.506943
206.507373
206.507463
206.507545
206.507634
206.507722
206.507808
206.507906
206.508060
206.508149
206.508237
206.508325
206.508410
206.508500
206.508588
206.508679
206.508769
206.508851
206.508926
206.509001
206.509074
206.509148
206.509222
206.509297
206.509373
206.509449
206.509524
206.542791
206.542930
206.542982
206.543023
206.543063
206.543101
206.543139
206.543210
206.543250
206.543291
206.543603
206.543682
206.543756
206.543831
206.543903
206.543976
206.544048
206.544120
206.544193
206.544265
206.544347
206.544432
206.544508
206.544584
206.544658
206.544746
206.544825
206.576423
206.576526
206.576565
206.576604
206.576641
206.576682
206.576720
206.576760
206.576799
206.576837
206.576874
206.576912
206.576949
206.576986
206.577023
206.577060
206.577098
206.577136
206.577173
206.577215
206.577253
206.577291
206.577328
206.577365
206.577403
206.577441
206.577478
206.601647
206.601748
206.601786
206.601824
206.601861
206.601898
206.601935
206.601972
206.602008
206.602045
206.602117
206.602237
206.602278
206.602315
206.602356
206.602394
206.602431
206.602468
206.602505
206.602542
206.602578
206.602615
206.602653
206.602690
206.602728
206.602765
206.603122
206.635975
206.636078
206.636117
206.636156
206.636193
206.636231
206.636269
206.636309
206.636347
206.636385
206.636426
206.636462
206.636501
206.636539
206.636582
206.636619
206.636656
206.636693
206.636730
206.636768
206.636805
206.637184
206.637232
206.637270
206.637308
206.637346
206.637384
206.674296
206.674443
206.674487
206.674528
206.674568
206.674607
206.674645
206.674687
206.674727
206.674771
206.674845
206.674886
206.674925
206.674963
206.675004
206.675047
206.675089
206.675130
206.675171
206.675214
206.675255
206.675294
206.675334
206.675377
206.675419
206.675486
206.675531
206.709170
206.709294
206.709340
206.709384
206.709430
206.709475
206.709523
206.709582
206.709631
206.709678
206.709727
206.709777
206.709825
206.709873
206.709921
206.709970
206.710018
206.710318
206.710362
206.710404
206.710450
206.710492
206.710534
206.710576
206.710619
206.710660
206.710702
206.733639
206.733748
206.733789
206.733829
206.733870
206.733913
206.733952
206.733990
206.734030
206.734197
206.734247
206.734290
206.734330
206.734369
206.734407
206.734444
206.734482
206.734518
206.734557
206.734596
206.734634
206.734673
206.734711
206.734749
206.734788
206.734825
206.734863
206.771081
206.771186
206.771225
206.771262
206.771300
206.771337
206.771373
206.771414
206.771451
206.771487
206.771526
206.771563
206.771600
206.771636
206.771674
206.771709
206.771746
206.771782
206.771819
206.771855
206.771891
206.771928
206.771964
206.772000
206.772037
206.772073
206.772111
206.809182
206.809280
206.809319
206.809410
206.809451
206.809491
206.809529
206.809567
206.809606
206.809647
206.809748
206.809790
206.809828
206.809863
206.809902
206.809940
206.809977
206.810015
206.810076
206.810115
206.810155
206.810193
206.810229
206.810265
206.810303
206.810340
206.810377
206.840607
206.840720
206.840768
206.840814
206.840860
206.840906
206.840950
206.840995
206.841041
206.841086
206.841133
206.841180
206.841227
206.841274
206.841393
206.841468
206.841517
206.841561
206.841606
206.841652
206.841696
206.841743
206.841788
206.841836
206.842267
206.842379
206.872583
206.873055
206.873144
206.873222
206.873298
206.873371
206.873444
206.873523
206.873599
206.873676
206.873752
206.873828
206.873971
206.874049
206.874162
206.874246
206.874326
206.874403
206.874481
206.874558
206.874635
206.874712
206.874787
206.874862
206.874936
206.875010
206.875087
206.910963
206.911377
206.911462
206.911564
206.911678
206.911795
206.911889
206.912032
206.912114
206.912189
206.912266
206.912340
206.912413
206.912488
206.912562
206.912635
206.912709
206.912783
206.912859
206.912933
206.913007
206.913082
206.913156
206.913230
206.913304
206.913379
206.913455
206.935295
206.935408
206.935458
206.935497
206.935535
206.935574
206.935612
206.935650
206.935692
206.935797
206.935838
206.935876
206.935915
206.935953
206.935991
206.936031
206.936070
206.936108
206.936147
206.936186
206.936224
206.936262
206.936301
206.936342
206.936383
206.936420
206.936461
206.974535
206.974645
206.974687
206.974726
206.974767
206.974809
206.974848
206.974887
206.974926
206.975014
206.975059
206.975105
206.975147
206.975189
206.975231
206.975273
206.975326
206.975372
206.975416
206.975460
206.975499
206.975543
206.975587
206.975629
206.975671
206.975712
206.975752
207.003835
207.003938
207.003978
207.004018
207.004063
207.004106
207.004149
207.004194
207.004241
207.004284
207.004399
207.004446
207.004490
207.004530
207.004572
207.004614
207.004653
207.004695
207.004738
207.004780
207.004821
207.004863
207.004905
207.004944
207.004988
207.005032
207.005070
207.039379
207.039488
207.039527
207.039566
207.039605
207.039644
207.039681
207.039719
207.039758
207.039796
207.039835
207.039874
207.039980
207.040025
207.040065
207.040104
207.040143
207.040183
207.040222
207.040260
207.040305
207.040344
207.040384
207.040423
207.040462
207.041658
207.041716
207.072574
207.072689
207.072733
207.072771
207.072809
207.072848
207.072935
207.072977
207.073017
207.073057
207.073168
207.073210
207.073247
207.073286
207.073325
207.073363
207.073402
207.073442
207.073483
207.073524
207.073564
207.075766
207.075824
207.075864
207.075904
207.075944
207.075984
207.106883
207.107003
207.107046
207.107088
207.107128
207.107169
207.107209
207.107250
207.107292
207.107332
207.107373
207.107412
207.110370
207.110400
207.110418
207.110435
207.110453
207.110466
207.110496
207.110542
207.110568
207.110595
207.110622
207.110647
207.110672
207.110695
207.110717
207.132623
207.132730
207.132771
207.132812
207.132850
207.132889
207.132926
207.132965
207.133004
207.133044
207.133123
207.133165
207.133205
207.133243
207.133283
207.133321
207.133359
207.133426
207.133467
207.133505
207.133543
207.133580
207.133618
207.133654
207.133691
207.133728
207.133767
207.170778
207.170885
207.171244
207.171858
207.171936
207.172026
207.172104
207.172180
207.172255
207.172330
207.172410
207.172486
207.172565
207.172649
207.172726
207.172803
207.172878
207.172953
207.173028
207.173101
207.173177
207.173309
207.173411
207.197668
207.198143
207.198238
207.198323
207.198405
207.198486
207.198566
207.198715
207.198801
207.198882
207.198963
207.199046
207.199125
207.199203
207.199280
207.199357
207.199433
207.199510
207.199587
207.199668
207.199745
207.199824
207.199904
207.199983
207.200061
207.200138
207.200216
207.239608
207.239724
207.239775
207.239824
207.239869
207.239916
207.239962
207.240009
207.240055
207.240134
207.240181
207.240218
207.240255
207.240300
207.240350
207.240392
207.240437
207.240478
207.240517
207.240557
207.240597
207.240637
207.240677
207.240717
207.240756
207.240795
207.240837
207.286320
207.286420
207.286459
207.286496
207.286533
207.286570
207.286607
207.286645
207.286682
207.286719
207.286755
207.286792
207.286829
207.286866
207.286902
207.286938
207.286975
207.287011
207.287049
207.287089
207.287126
207.287164
207.287201
207.287238
207.287277
207.287314
207.287355
207.309637
207.309737
207.309780
207.309817
207.309858
207.309896
207.309938
207.309977
207.310015
207.310103
207.310145
207.310183
207.310223
207.310260
207.310298
207.310336
207.310375
207.310487
207.310529
207.310567
207.310605
207.310643
207.310681
207.310718
207.310756
207.310794
207.311287
207.340413
207.340515
207.340558
207.340597
207.340638
207.340676
207.340714
207.340751
207.340790
207.340900
207.340944
207.340981
207.341020
207.341058
207.341096
207.341136
207.341174
207.341215
207.341253
207.341291
207.341333
207.341370
207.341410
207.341449
207.341488
207.341526
207.341564
207.371478
207.371598
207.371642
207.371681
207.371719
207.371821
207.371863
207.371903
207.371941
207.371979
207.372020
207.372058
207.372098
207.372137
207.372174
207.372213
207.372254
207.372292
207.372330
207.372367
207.372405
207.372443
207.372480
207.372520
207.372557
207.372595
207.372637
207.409716
207.409824
207.409872
207.409918
207.409962
207.410007
207.410052
207.412285
207.412334
207.412372
207.412409
207.412447
207.412489
207.412526
207.412563
207.412600
207.412639
207.412676
207.412713
207.413061
207.413140
207.413216
207.413293
207.413369
207.413445
207.413522
207.413598
207.437584
207.437684
207.437724
207.437762
207.437799
207.437837
207.437874
207.437911
207.437949
207.437990
207.438031
207.438100
207.438142
207.438179
207.438216
207.438254
207.438290
207.438327
207.438363
207.438400
207.438437
207.438475
207.438512
207.438548
207.438585
207.438626
207.438982
207.465235
207.465351
207.465396
207.465440
207.465481
207.465520
207.465559
207.465598
207.465639
207.465677
207.465754
207.465794
207.465839
207.465880
207.465920
207.465959
207.465999
207.466040
207.466163
207.466208
207.466248
207.466288
207.466329
207.466370
207.466411
207.466452
207.466493
207.508114
207.508226
207.508266
207.508306
207.508346
207.508384
207.508423
207.508464
207.508501
207.508538
207.508575
207.508612
207.508650
207.508686
207.508724
207.508828
207.508874
207.509395
207.509491
207.509572
207.509660
207.509737
207.509814
207.509891
207.509969
207.510047
207.510197
207.546173
207.547114
207.547248
207.547333
207.547416
207.547495
207.547573
207.547651
207.547729
207.547808
207.547885
207.547962
207.548038
207.548115
207.548191
207.548267
207.548346
207.548424
207.548501
207.548580
207.548660
207.548744
207.548834
207.548921
207.549009
207.549130
207.549227
207.563426
207.563876
207.563963
207.564044
207.564122
207.564201
207.564278
207.564429
207.564510
207.564594
207.564674
207.564752
207.564830
207.564907
207.564986
207.565066
207.565143
207.565220
207.565299
207.565376
207.565454
207.565532
207.565610
207.565688
207.565765
207.565843
207.565923
207.604932
207.605387
207.605471
207.605563
207.605641
207.605718
207.605795
207.605935
207.606016
207.606731
207.606829
207.606913
207.606994
207.607072
207.607151
207.607237
207.607320
207.607402
207.607482
207.607563
207.607642
207.607722
207.607803
207.607942
207.608049
207.608264
207.608379
207.637067
207.637167
207.637206
207.637243
207.637283
207.637321
207.637358
207.637395
207.637432
207.637536
207.637576
207.637613
207.637651
207.637688
207.637725
207.637762
207.637799
207.637835
207.637871
207.637908
207.637945
207.637981
207.638018
207.638232
207.638277
207.638314
207.638352
207.673401
207.673513
207.673560
207.673609
207.673659
207.673703
207.673750
207.673795
207.673841
207.673887
207.673932
207.673980
207.674025
207.674119
207.674163
207.674210
207.674253
207.674297
207.674348
207.674390
207.674436
207.674477
207.674527
207.674576
207.674882
207.674931
207.675053
207.710020
207.710309
207.710754
207.711167
207.711216
207.711322
207.711412
207.711500
207.713917
207.714211
207.714311
207.714405
207.714495
207.714585
207.714668
207.714752
207.714838
207.714926
207.715073
207.715183
207.740425
207.740540
207.740581
207.740620
207.740660
207.740697
207.740735
207.740775
207.740814
207.740856
207.740895
207.740934
207.740972
207.741011
207.741049
207.741087
207.741125
207.741162
207.741201
207.741240
207.741280
207.741318
207.741357
207.741395
207.741434
207.741472
207.741511
207.776409
207.776511
207.776556
207.776596
207.776635
207.776679
207.776717
207.776756
207.776795
207.776837
207.776945
207.776989
207.777027
207.777065
207.777103
207.777141
207.777179
207.777219
207.777257
207.777295
207.777335
207.777372
207.777410
207.777448
207.777486
207.777524
207.777562
207.809904
207.810264
207.810314
207.810352
207.810389
207.810427
207.810464
207.810501
207.810538
207.810576
207.810612
207.810649
207.810686
207.810723
207.810759
207.810795
207.810831
207.810868
207.810903
207.810939
207.810976
207.811204
207.811245
207.811283
207.811320
207.811357
207.811395
207.843534
207.843635
207.843675
207.843713
207.843750
207.843789
207.843826
207.843912
207.843952
207.844056
207.844099
207.844136
207.844174
207.844212
207.844251
207.844288
207.844326
207.844369
207.844407
207.844445
207.844484
207.844524
207.844563
207.844602
207.844640
207.844677
207.844715
207.869488
207.869606
207.869648
207.869692
207.869732
207.869771
207.869812
207.869853
207.869893
207.869932
207.869971
207.870084
207.870151
207.870193
207.870232
207.870271
207.870311
207.870351
207.870391
207.870431
207.870472
207.870513
207.870553
207.870593
207.870632
207.870672
207.870711
207.907945
207.908087
207.908154
207.908220
207.908288
207.908352
207.908401
207.908451
207.908502
207.908556
207.908602
207.908648
207.908693
207.908742
207.908789
207.908834
207.908877
207.909267
207.909315
207.909360
207.909404
207.909446
207.909489
207.909532
207.909574
207.909622
207.909668
207.942371
207.942472
207.942513
207.942551
207.942589
207.942628
207.942666
207.942704
207.942744
207.942781
207.942819
207.942856
207.942896
207.943028
207.943066
207.943109
207.943146
207.943182
207.943218
207.943255
207.943291
207.943329
207.943366
207.943402
207.943439
207.943476
207.943513
207.975806
207.975907
207.975947
207.975984
207.976023
207.976060
207.976097
207.976133
207.976170
207.976206
207.976243
207.976346
207.976387
207.976424
207.976460
207.976496
207.976536
207.976574
207.976610
207.976648
207.976688
207.976726
207.976763
207.976800
207.976837
207.976873
207.976909
208.004662
208.004764
208.004804
208.004846
208.004883
208.004920
208.004957
208.004994
208.005031
208.005068
208.005107
208.005144
208.005182
208.005218
208.005256
208.005293
208.005329
208.005366
208.005405
208.005445
208.005482
208.005519
208.005558
208.005594
208.005631
208.005668
208.005706
208.030817
208.030930
208.030975
208.031014
208.031056
208.031094
208.031132
208.031171
208.031209
208.031281
208.031319
208.031356
208.031393
208.031431
208.031469
208.031510
208.031548
208.031589
208.031628
208.031668
208.031707
208.031745
208.031783
208.031820
208.031857
208.031894
208.031933
208.072339
208.072393
208.072415
208.072434
208.072454
208.072470
208.072485
208.072499
208.072513
208.072527
208.072540
208.072554
208.072567
208.072580
208.072594
208.072608
208.072623
208.072637
208.072651
208.072666
208.072681
208.072695
208.072709
208.072724
208.072814
208.072829
208.072850
208.099967
208.100075
208.100116
208.100156
208.100198
208.100237
208.100278
208.100317
208.100389
208.100430
208.100475
208.100516
208.100553
208.100595
208.100633
208.100672
208.100710
208.100751
208.100792
208.100831
208.100871
208.100915
208.100955
208.100996
208.101036
208.101079
208.101119
208.141446
208.141569
208.141620
208.141664
208.141709
208.141754
208.141799
208.141843
208.141887
208.141931
208.141975
208.142020
208.142099
208.142403
208.142462
208.142510
208.142555
208.142601
208.142647
208.142694
208.142741
208.142787
208.142837
208.142887
208.142935
208.142980
208.143026
208.165902
208.166009
208.166048
208.166122
208.166165
208.166205
208.166248
208.166287
208.166326
208.166433
208.166474
208.166513
208.166552
208.166594
208.166633
208.166673
208.166712
208.166751
208.166790
208.166828
208.166869
208.166908
208.166948
208.166986
208.167025
208.167064
208.167107
208.207516
208.207625
208.207668
208.207706
208.207745
208.207782
208.207819
208.207858
208.207898
208.207935
208.207973
208.208084
208.208125
208.208164
208.208202
208.208240
208.208307
208.208347
208.208386
208.208426
208.208464
208.208502
208.208540
208.208580
208.208618
208.208655
208.208692
208.240437
208.240575
208.240618
208.240657
208.240696
208.240735
208.240774
208.240814
208.240854
208.240965
208.241010
208.241051
208.241093
208.241133
208.241173
208.241213
208.241253
208.241294
208.241335
208.241374
208.241413
208.241453
208.241493
208.241532
208.241575
208.241615
208.241656
208.273447
208.273547
208.273586
208.273623
208.273661
208.273699
208.273741
208.273780
208.273818
208.273856
208.273893
208.273931
208.274211
208.274258
208.274359
208.274406
208.274443
208.274481
208.274519
208.274557
208.274595
208.274634
208.274672
208.274710
208.274747
208.274785
208.274822
208.307219
208.307334
208.307376
208.307415
208.307455
208.307494
208.307533
208.307572
208.307612
208.307717
208.307759
208.307797
208.307839
208.307879
208.307918
208.307960
208.307999
208.308039
208.308077
208.308115
208.308155
208.308193
208.308232
208.308271
208.308308
208.308346
208.308386
208.331571
208.331625
208.331645
208.331664
208.331682
208.331698
208.331711
208.331724
208.331738
208.331752
208.331766
208.331781
208.331794
208.331808
208.331821
208.331835
208.331850
208.331863
208.331877
208.331891
208.331905
208.331919
208.331933
208.331979
208.331995
208.332011
208.332025
208.374312
208.374421
208.374463
208.374501
208.374541
208.374581
208.374619
208.374657
208.374700
208.374780
208.374823
208.374862
208.374899
208.374940
208.374978
208.375017
208.375056
208.375093
208.375131
208.375170
208.375208
208.375247
208.375288
208.375338
208.375386
208.375425
208.375469
208.410427
208.410533
208.410577
208.410619
208.410660
208.410703
208.410744
208.410785
208.410826
208.410866
208.410905
208.410944
208.410987
208.411027
208.411068
208.411112
208.412054
208.412110
208.412148
208.412184
208.412221
208.412257
208.412293
208.412329
208.412367
208.412406
208.412443
208.450856
208.450960
208.451001
208.451040
208.451079
208.451118
208.451156
208.451196
208.451235
208.451314
208.451353
208.451391
208.451429
208.451468
208.451507
208.451546
208.451584
208.451627
208.451669
208.451709
208.451748
208.451788
208.451827
208.451865
208.451908
208.451949
208.451989
208.474915
208.475024
208.475066
208.475110
208.475152
208.475199
208.475242
208.475283
208.475327
208.475370
208.475482
208.475529
208.475592
208.475650
208.475704
208.475746
208.475793
208.475832
208.475874
208.475915
208.475956
208.476021
208.476064
208.476109
208.476151
208.476192
208.476236
208.507012
208.507123
208.507168
208.507209
208.507249
208.507293
208.507334
208.507373
208.507413
208.507451
208.507524
208.507564
208.507606
208.507644
208.507683
208.507724
208.507763
208.507806
208.507847
208.507885
208.507925
208.507965
208.508004
208.508042
208.508080
208.508122
208.508160
208.543991
208.544103
208.544148
208.544188
208.544228
208.544268
208.544307
208.544346
208.544386
208.544427
208.544466
208.545303
208.545349
208.545386
208.545423
208.545460
208.545498
208.545537
208.545577
208.545614
208.545650
208.545687
208.545723
208.545760
208.545797
208.545836
208.545873
208.577253
208.577352
208.577392
208.577430
208.577468
208.577507
208.577548
208.577586
208.577623
208.577662
208.577704
208.577742
208.577850
208.577892
208.577929
208.577967
208.578006
208.578047
208.578140
208.578181
208.578219
208.578258
208.578296
208.578334
208.578372
208.578413
208.578453
208.607052
208.607161
208.607205
208.607248
208.607286
208.607324
208.607361
208.607397
208.607434
208.607470
208.607508
208.607547
208.607584
208.607621
208.607658
208.607697
208.607734
208.607771
208.607808
208.607844
208.607882
208.607921
208.607959
208.607995
208.608032
208.608069
208.608106
208.647134
208.647238
208.647281
208.647319
208.647358
208.647399
208.647440
208.647480
208.647523
208.647560
208.647601
208.647643
208.647686
208.647730
208.647775
208.647820
208.647859
208.647903
208.647945
208.647988
208.648033
208.648076
208.648116
208.648157
208.648201
208.648248
208.648292
208.672901
208.673001
208.673042
208.673080
208.673117
208.673154
208.673192
208.673229
208.673269
208.673309
208.673346
208.673451
208.673491
208.673527
208.673564
208.673602
208.673642
208.673679
208.673716
208.673753
208.673790
208.673828
208.673866
208.673902
208.673939
208.673975
208.674013
208.711922
208.712029
208.712068
208.712109
208.712148
208.712186
208.712227
208.712265
208.712303
208.712341
208.712446
208.712487
208.712524
208.712566
208.712603
208.712641
208.712681
208.712719
208.712757
208.712795
208.712833
208.712872
208.712909
208.712947
208.712985
208.713022
208.713061
208.741172
208.741278
208.741320
208.741364
208.741406
208.741473
208.741517
208.741558
208.741598
208.741671
208.741712
208.741752
208.741792
208.741835
208.741882
208.741922
208.741963
208.742006
208.742045
208.742123
208.742169
208.742209
208.742250
208.742290
208.742330
208.742370
208.742411
208.778843
208.778959
208.779010
208.779060
208.779110
208.779160
208.779217
208.779395
208.779465
208.779534
208.779599
208.779664
208.779730
208.779795
208.779860
208.779925
208.779989
208.780054
208.780118
208.780183
208.780248
208.780313
208.780385
208.780450
208.780517
208.780582
208.780647
208.809134
208.809247
208.809289
208.809330
208.809369
208.809412
208.809452
208.809492
208.809532
208.809572
208.809612
208.809651
208.809690
208.809730
208.809771
208.809811
208.809851
208.810725
208.810771
208.810812
208.810850
208.810889
208.810931
208.810974
208.811013
208.811051
208.811089
208.832478
208.832583
208.832623
208.832661
208.832699
208.832739
208.832779
208.832815
208.832852
208.832958
208.832999
208.833038
208.833075
208.833113
208.833150
208.833187
208.833223
208.833260
208.833296
208.833334
208.833371
208.833409
208.833446
208.833483
208.833520
208.833557
208.833596
208.876151
208.876270
208.876314
208.876357
208.876400
208.876446
208.876493
208.876536
208.876579
208.876624
208.876733
208.876849
208.876893
208.876937
208.876978
208.877019
208.877060
208.877103
208.877150
208.877195
208.877238
208.877281
208.877326
208.877372
208.877415
208.877459
208.877501
208.909341
208.909458
208.909503
208.909544
208.909586
208.909627
208.909668
208.909709
208.909748
208.909789
208.909832
208.909877
208.909919
208.909960
208.909999
208.910037
208.910157
208.910204
208.910266
208.910325
208.910366
208.910462
208.910518
208.910561
208.910613
208.910660
208.910702
208.940062
208.940176
208.940218
208.940263
208.940307
208.940348
208.940389
208.940430
208.940471
208.940548
208.940590
208.940633
208.940672
208.940711
208.940751
208.940790
208.940829
208.940873
208.940912
208.940951
208.940991
208.941030
208.941068
208.941106
208.941145
208.941184
208.941222
208.971297
208.971398
208.971439
208.971476
208.971514
208.971552
208.971590
208.971627
208.971665
208.971702
208.971742
208.971846
208.971890
208.971927
208.971964
208.972001
208.972041
208.972079
208.972116
208.972156
208.972193
208.972231
208.972270
208.972310
208.972349
208.972388
208.972426
209.006517
209.006617
209.006656
209.006697
209.006733
209.006771
209.006808
209.006846
209.006884
209.006922
209.006960
209.006997
209.007034
209.007143
209.007183
209.007220
209.007712
209.007761
209.007802
209.007842
209.007880
209.007918
209.007959
209.007999
209.008037
209.008074
209.008111
209.042480
209.042577
209.042615
209.042652
209.042691
209.042731
209.042767
209.042807
209.042843
209.042879
209.042982
209.043022
209.043062
209.043099
209.043136
209.043173
209.043209
209.043248
209.043287
209.043324
209.043361
209.043400
209.043438
209.043476
209.043516
209.043555
209.043660
209.063708
209.063811
209.063850
209.063888
209.063930
209.063968
209.064009
209.064046
209.064082
209.064122
209.064159
209.064197
209.064235
209.064273
209.064311
209.064349
209.064391
209.064431
209.064469
209.064508
209.064547
209.064585
209.064627
209.064665
209.064703
209.064741
209.064781
209.107132
209.107238
209.107280
209.107319
209.107358
209.107396
209.107439
209.107478
209.107556
209.107599
209.107638
209.107678
209.107716
209.107754
209.107791
209.107830
209.107868
209.107906
209.107943
209.107983
209.108021
209.108060
209.108098
209.108135
209.108172
209.108212
209.108249
209.142090
209.142346
209.142404
209.142453
209.142500
209.142545
209.142641
209.142682
209.142725
209.142765
209.142879
209.142924
209.142963
209.143002
209.143044
209.143085
209.143124
209.143164
209.143203
209.143246
209.143287
209.143329
209.143369
209.143408
209.143448
209.143487
209.143526
209.165523
209.165627
209.165666
209.165703
209.165743
209.165782
209.165819
209.165855
209.165894
209.165932
209.165969
209.166005
209.166106
209.166212
209.166786
209.166833
209.166871
209.166909
209.166946
209.166982
209.167020
209.167058
209.167095
209.167132
209.167170
209.167207
209.167244
209.209459
209.209568
209.209616
209.209659
209.209702
209.209741
209.209783
209.209823
209.209864
209.209909
209.209950
209.209993
209.210036
209.210145
209.210195
209.210240
209.210353
209.210401
209.210440
209.210483
209.210526
209.210566
209.210607
209.210647
209.210690
209.210731
209.210770
209.247751
209.247865
209.247907
209.247945
209.247986
209.248024
209.248064
209.248102
209.248140
209.248243
209.248283
209.248321
209.248360
209.248397
209.248436
209.248477
209.248514
209.248556
209.248596
209.248634
209.248672
209.248710
209.248754
209.248802
209.248846
209.248884
209.248925
209.276056
209.276171
209.276215
209.276257
209.276298
209.276342
209.276388
209.276431
209.276472
209.276516
209.276558
209.276604
209.276647
209.276688
209.276729
209.276772
209.276814
209.276855
209.276895
209.276936
209.276977
209.277020
209.277061
209.277103
209.277143
209.277184
209.277222
209.310487
209.310539
209.310558
209.310576
209.310591
209.310603
209.310615
209.310627
209.310639
209.310653
209.310666
209.310678
209.310690
209.310702
209.310715
209.310727
209.310741
209.310753
209.310766
209.310778
209.310790
209.310803
209.310815
209.310827
209.310839
209.310851
209.310885
209.329659
209.329766
209.329809
209.329873
209.329914
209.329953
209.329990
209.330030
209.331031
209.331081
209.331121
209.331160
209.331198
209.331235
209.331274
209.331392
209.331467
209.331507
209.331545
209.331582
209.331623
209.331660
209.331700
209.331737
209.331774
209.331812
209.331849
209.363961
209.364067
209.364107
209.364146
209.364185
209.364224
209.364264
209.364303
209.364344
209.364384
209.364492
209.364534
209.364573
209.364614
209.364653
209.364691
209.364729
209.364767
209.364806
209.364846
209.364885
209.364925
209.364964
209.365004
209.365043
209.365082
209.365120
209.409019
209.409085
209.409112
209.409137
209.409161
209.409180
209.409197
209.409214
209.409231
209.409248
209.409264
209.409281
209.409296
209.409312
209.409329
209.409345
209.409362
209.409378
209.409395
209.409414
209.409432
209.409449
209.409465
209.409484
209.409500
209.409516
209.409531
209.437235
209.437348
209.437393
209.437436
209.437482
209.437528
209.437575
209.437635
209.437760
209.437810
209.437859
209.437905
209.437950
209.437997
209.438042
209.438130
209.438179
209.438225
209.438272
209.438317
209.438362
209.438407
209.438452
209.438498
209.438542
209.438591
209.438640
209.476404
209.476505
209.476547
209.476588
209.476625
209.476664
209.476703
209.476740
209.476778
209.476842
209.476883
209.476922
209.476960
209.476997
209.477034
209.477070
209.477109
209.477148
209.477189
209.477302
209.477345
209.477384
209.477424
209.477464
209.477501
209.477540
209.477578
209.508507
209.508612
209.508652
209.508690
209.508730
209.508769
209.508806
209.508843
209.508880
209.508993
209.509035
209.509073
209.509111
209.509148
209.509185
209.509222
209.509260
209.509301
209.509339
209.509376
209.509413
209.509460
209.509499
209.509538
209.509575
209.509613
209.509653
209.543319
209.543698
209.543747
209.543789
209.543828
209.543869
209.543909
209.543946
209.543985
209.544023
209.544063
209.544171
209.544216
209.544259
209.544300
209.544340
209.544379
209.544420
209.544459
209.544499
209.544544
209.544585
209.544625
209.544664
209.544706
209.544751
209.544792
209.567158
209.567553
209.567907
209.567965
209.568026
209.568083
209.568137
209.568189
209.568241
209.568300
209.568356
209.568410
209.568466
209.568518
209.568575
209.568628
209.568688
209.568739
209.568799
209.568855
209.568913
209.568967
209.569022
209.569076
209.569129
209.569183
209.569243
209.607348
209.607455
209.607498
209.607537
209.607575
209.607615
209.607654
209.607694
209.607735
209.607774
209.607814
209.607854
209.607893
209.607932
209.608038
209.608083
209.608125
209.608166
209.608209
209.608249
209.608290
209.608332
209.608373
209.608415
209.608457
209.608498
209.608537
209.640588
209.640754
209.640797
209.640840
209.640880
209.640917
209.640956
209.640996
209.641115
209.641156
209.641196
209.641234
209.641272
209.641310
209.641349
209.641387
209.641425
209.641463
209.641504
209.641544
209.641584
209.641623
209.641660
209.641701
209.641742
209.641780
209.641822
209.672574
209.672674
209.672712
209.672749
209.673201
209.673248
209.673287
209.673325
209.673365
209.673408
209.673446
209.673485
209.673522
209.673560
209.673598
209.673635
209.673674
209.673712
209.673754
209.673793
209.673832
209.673869
209.673910
209.673948
209.673986
209.674024
209.674135
209.706736
209.706845
209.706892
209.706935
209.706985
209.707038
209.707091
209.707149
209.707191
209.707232
209.707279
209.707320
209.707361
209.707401
209.707440
209.707478
209.707516
209.707557
209.707619
209.707671
209.707720
209.707760
209.707798
209.707837
209.707876
209.707914
209.707955
209.738002
209.738070
209.738090
209.738108
209.738125
209.738141
209.738154
209.738167
209.738180
209.738193
209.738208
209.738220
209.738233
209.738247
209.738260
209.738276
209.738289
209.738303
209.738318
209.738332
209.738344
209.738357
209.738370
209.738383
209.738396
209.738410
209.738423
209.778050
209.778251
209.778302
209.778345
209.778383
209.778422
209.778460
209.778498
209.778571
209.778619
209.778658
209.778698
209.778735
209.778775
209.778811
209.778851
209.778888
209.778925
209.778965
209.779003
209.779043
209.779083
209.779120
209.779157
209.779194
209.779233
209.779271
209.810024
209.810894
209.810955
209.810994
209.811034
209.811072
209.811110
209.811153
209.811191
209.811232
209.811303
209.811345
209.811388
209.811429
209.811548
209.811624
209.811664
209.811705
209.811745
209.811783
209.811820
209.811857
209.811894
209.811932
209.811969
209.812006
209.812047
209.838482
209.838592
209.838636
209.838674
209.838713
209.838752
209.838792
209.838833
209.838872
209.838916
209.838959
209.839002
209.839041
209.839081
209.839120
209.839160
209.839200
209.839243
209.841851
209.841931
209.841977
209.842020
209.842108
209.842221
209.842276
209.842324
209.842369
209.867956
209.868069
209.868113
209.868155
209.868202
209.868251
209.868293
209.868335
209.868377
209.868419
209.868461
209.868577
209.868627
209.868667
209.868715
209.868757
209.868798
209.868846
209.868890
209.868932
209.868974
209.869015
209.869057
209.869101
209.869147
209.869192
209.869234
209.901394
209.901510
209.901553
209.901595
209.901643
209.901689
209.901737
209.901784
209.901828
209.901876
209.901920
209.901978
209.902030
209.902165
209.903823
209.903890
209.903937
209.903984
209.904030
209.904074
209.904124
209.904171
209.904220
209.904265
209.904309
209.904359
209.904406
209.931022
209.931127
209.931165
209.931204
209.931245
209.931285
209.931326
209.931371
209.931415
209.931457
209.931507
209.931549
209.931588
209.931630
209.931676
209.931719
209.931759
209.931796
209.931834
209.931873
209.931915
209.931956
209.931997
209.932044
209.932091
209.932141
209.932192
209.974628
209.974738
209.974785
209.974829
209.974872
209.974918
209.974966
209.975009
209.975052
209.975171
209.975221
209.975281
209.975326
209.975367
209.975405
209.975447
209.975485
209.975524
209.975566
209.975605
209.975644
209.975684
209.975722
209.975763
209.975804
209.975845
209.975883
210.011273
210.011401
210.011452
210.011498
210.011545
210.011657
210.011743
210.011792
210.011834
210.011878
210.011920
210.011966
210.012012
210.012060
210.012104
210.012148
210.012193
210.012237
210.012280
210.012327
210.012370
210.012414
210.012459
210.012504
210.012549
210.012595
210.012641
210.050347
210.050448
210.050487
210.050527
210.050565
210.050604
210.050641
210.050678
210.050716
210.050753
210.050794
210.050832
210.050869
210.050905
210.050945
210.050982
210.051019
210.051058
210.051098
210.051134
210.051171
210.051207
210.051243
210.051280
210.051317
210.051355
210.051390
210.072443
210.072555
210.072597
210.072644
210.072686
210.072736
210.072786
210.072835
210.072891
210.072939
210.072994
210.073047
210.073096
210.073145
210.073199
210.073248
210.073296
210.073339
210.073378
210.073417
210.073461
210.073502
210.073540
210.073580
210.073622
210.073666
210.073709
210.119107
210.119208
210.119246
210.119286
210.119324
210.119362
210.119399
210.119436
210.119474
210.119511
210.119591
210.119631
210.119669
210.119705
210.119745
210.119782
210.119819
210.119859
210.119899
210.119937
210.119975
210.120012
210.120049
210.120085
210.120124
210.120162
210.120202
210.131484
210.131583
210.131626
210.131668
210.131712
210.131755
210.131798
210.131842
210.131884
210.131923
210.131960
210.131998
210.132036
210.132074
210.132117
210.132157
210.132196
210.132235
210.132276
210.132315
210.132355
210.132396
210.132436
210.132479
210.132520
210.132563
210.132602
210.172074
210.172179
210.172222
210.172263
210.172304
210.172345
210.172385
210.172423
210.172462
210.172499
210.172539
210.172578
210.172618
210.172656
210.172694
210.172731
210.172768
210.172806
210.172846
210.172956
210.172997
210.173034
210.173072
210.173109
210.173149
210.173185
210.173222
210.200831
210.200936
210.200977
210.201020
210.201060
210.201101
210.201141
210.201181
210.201219
210.201258
210.201295
210.201336
210.201425
210.201467
210.201507
210.201549
210.201588
210.201630
210.201671
210.201709
210.201751
210.201790
210.201828
210.201869
210.201909
210.201948
210.201991
210.239708
210.239817
210.239857
210.240110
210.240158
210.240267
210.240312
210.240352
210.240392
210.240431
210.240470
210.240511
210.240549
210.240588
210.240629
210.240668
210.240709
210.240749
210.240787
210.240825
210.240864
210.240904
210.240943
210.240984
210.241021
210.241064
210.241102
210.275159
210.275266
210.275309
210.275351
210.275393
210.275433
210.275472
210.275512
210.275549
210.275587
210.275626
210.275664
210.275703
210.275743
210.275784
210.275824
210.275863
210.275971
210.276015
210.276055
210.276094
210.276134
210.276173
210.276212
210.276252
210.276291
210.276335
210.300387
210.300491
210.300532
210.300573
210.300614
210.300654
210.300697
210.300736
210.300776
210.300818
210.300929
210.300973
210.301011
210.301053
210.301096
210.301132
210.301169
210.301209
210.301248
210.301288
210.301326
210.301364
210.301401
210.301438
210.301475
210.301512
210.301549
210.339710
210.339816
210.339858
210.339896
210.339935
210.339973
210.340010
210.340049
210.340089
210.340128
210.340164
210.340203
210.340241
210.340282
210.340321
210.340359
210.340396
210.340434
210.340471
210.340508
210.340545
210.340583
210.340623
210.340663
210.340701
210.340740
210.340780
210.380324
210.380433
210.380476
210.380518
210.380558
210.380600
210.380638
210.380675
210.380712
210.380752
210.380792
210.380898
210.380939
210.380977
210.381014
210.381052
210.381089
210.381127
210.381175
210.381219
210.381259
210.381301
210.381339
210.381378
210.381415
210.381453
210.381490
210.405652
210.405765
210.405807
210.405848
210.405891
210.405930
210.405970
210.406014
210.406544
210.406612
210.406662
210.406703
210.406744
210.406785
210.406824
210.406864
210.406903
210.406943
210.406986
210.407028
210.407067
210.407106
210.407145
210.407184
210.407224
210.407262
210.407304
210.447544
210.447646
210.447692
210.447733
210.447773
210.447815
210.447856
210.447896
210.447935
210.447981
210.448029
210.448069
210.448112
210.448156
210.448197
210.448241
210.448281
210.448321
210.448362
210.448404
210.448450
210.448489
210.448528
210.448566
210.448604
210.448643
210.448681
210.473842
210.474404
210.474455
210.474494
210.474539
210.474578
210.474616
210.474654
210.474690
210.474730
210.474770
210.474808
210.474845
210.474883
210.474921
210.474959
210.474997
210.475034
210.475074
210.475112
210.475152
210.475191
210.475230
210.475269
210.475306
210.475344
210.475382
210.513429
210.513531
210.513570
210.513608
210.513645
210.513684
210.513720
210.513760
210.513799
210.513837
210.513875
210.513914
210.513951
210.513989
210.514025
210.514102
210.514301
210.514343
210.514381
210.514424
210.514467
210.514505
210.514543
210.514581
210.514618
210.514656
210.514693
210.539958
210.540057
210.540094
210.540131
210.540171
210.540209
210.540324
210.540366
210.540407
210.540447
210.540487
210.540524
210.540561
210.540598
210.540636
210.540673
210.540710
210.540811
210.540854
210.540893
210.540931
210.540968
210.541005
210.541042
210.541079
210.541116
210.541156
210.577685
210.577791
210.577834
210.577877
210.577920
210.577961
210.578000
210.578040
210.578406
210.578467
210.578512
210.578585
210.578632
210.578795
210.578843
210.578888
210.578928
210.578971
210.579011
210.579053
210.579095
210.579142
210.579185
210.579226
210.579270
210.579313
210.579357
210.612332
210.612438
210.612481
210.612523
210.612563
210.612603
210.612646
210.612690
210.612732
210.612776
210.612817
210.612908
210.612951
210.612991
210.613030
210.613071
210.613111
210.613151
210.613193
210.613234
210.613273
210.613312
210.613351
210.613391
210.613431
210.613469
210.613511
210.645675
210.645787
210.645833
210.645880
210.645923
210.645965
210.646010
210.646337
210.646392
210.646434
210.646481
210.646526
210.646570
210.646610
210.646651
210.646689
210.646728
210.646765
210.646805
210.646843
210.646884
210.646928
210.646974
210.647017
210.647062
210.647101
210.647143
210.676228
210.676341
210.676386
210.676430
210.676469
210.676512
210.676555
210.676597
210.676637
210.676678
210.676721
210.676762
210.676802
210.676869
210.676910
210.676950
210.676990
210.677030
210.677072
210.677112
210.677155
210.677200
210.677256
210.677310
210.677406
210.677465
210.677511
210.712944
210.713048
210.713087
210.713125
210.713164
210.713202
210.713240
210.713281
210.713321
210.713363
210.713403
210.713440
210.713481
210.713519
210.713557
210.713595
210.713634
210.713675
210.713715
210.713753
210.713792
210.713832
210.713870
210.713908
210.713948
210.713990
210.714029
210.740125
210.740222
210.740263
210.740303
210.740339
210.740379
210.740418
210.740527
210.740617
210.740659
210.740699
210.740738
210.740775
210.740812
210.740849
210.740886
210.740923
210.740960
210.740999
210.741036
210.741075
210.741112
210.741151
210.741187
210.741224
210.741261
210.741300
210.775139
210.775246
210.775291
210.775339
210.775383
210.775425
210.775469
210.775508
210.775550
210.775665
210.775716
210.775764
210.775805
210.775848
210.775887
210.775925
210.775966
210.776010
210.776050
210.776088
210.776128
210.776175
210.776217
210.776263
210.776311
210.776359
210.776409
210.811283
210.811386
210.811429
210.811470
210.811510
210.811549
210.811587
210.811626
210.811664
210.811706
210.811744
210.811786
210.811827
210.811866
210.811904
210.811946
210.811988
210.812028
210.812068
210.812113
210.812153
210.812195
210.812235
210.812277
210.812317
210.812358
210.812403
210.848432
210.848535
210.848579
210.848620
210.848659
210.848698
210.848738
210.848778
210.848817
210.848930
210.848974
210.849016
210.849055
210.849092
210.849130
210.849167
210.849205
210.849246
210.849285
210.849323
210.849365
210.849404
210.849443
210.849484
210.849524
210.849562
210.849601
210.875754
210.875864
210.875912
210.875956
210.876002
210.876045
210.876089
210.876132
210.876178
210.876300
210.876349
210.876392
210.876439
210.876484
210.876526
210.876570
210.876615
210.876660
210.876698
210.876736
210.876774
210.876815
210.876856
210.876895
210.876934
210.876972
210.877009
210.908015
210.908145
210.908192
210.908235
210.908278
210.908322
210.908365
210.908410
210.908450
210.908562
210.908607
210.908649
210.908688
210.908726
210.908766
210.908805
210.908844
210.908884
210.908925
210.908963
210.909001
210.909039
210.909079
210.909120
210.909159
210.909198
210.909238
210.942941
210.943073
210.943119
210.943158
210.943201
210.943239
210.943281
210.943320
210.943363
210.943404
210.943446
210.943486
210.943525
210.943566
210.943604
210.943643
210.943683
210.943724
210.943766
210.943804
210.943845
210.943887
210.943923
210.943960
210.943996
210.944033
210.944071
210.975571
210.975678
210.975722
210.975763
210.975806
210.975850
210.975890
210.975931
210.975969
210.976082
210.976128
210.976170
210.976208
210.976247
210.976286
210.976324
210.976365
210.976407
210.976445
210.976485
210.976523
210.976561
210.976600
210.976639
210.976678
210.976717
210.976755
210.998380
210.998485
210.998525
210.998566
210.998604
210.998643
210.998683
210.998726
210.998767
210.998808
210.998885
210.998925
210.998964
210.999002
210.999040
210.999079
210.999119
210.999156
210.999193
210.999232
210.999273
210.999314
210.999356
210.999395
210.999436
210.999477
210.999517
211.041416
211.041531
211.041636
211.041683
211.041731
211.041776
211.041819
211.041946
211.041991
211.042032
211.042170
211.042224
211.042271
211.042314
211.042357
211.042400
211.042448
211.042494
211.042538
211.042581
211.042621
211.042663
211.042706
211.042751
211.042795
211.042838
211.042885
211.087339
211.087451
211.087499
211.087543
211.087585
211.087630
211.087670
211.087717
211.087761
211.087804
211.087917
211.087964
211.088005
211.088043
211.088081
211.088124
211.088170
211.088210
211.088249
211.088286
211.088326
211.088370
211.088413
211.088453
211.088494
211.088535
211.088575
211.110742
211.110858
211.110907
211.110948
211.111155
211.111203
211.111243
211.111284
211.111321
211.111359
211.111398
211.111435
211.111474
211.111521
211.111559
211.111599
211.111684
211.111725
211.111766
211.111837
211.111876
211.111913
211.111949
211.111986
211.112023
211.112060
211.112101
211.143289
211.143400
211.143442
211.143484
211.143526
211.143568
211.143613
211.143655
211.143699
211.143792
211.143836
211.143875
211.143917
211.143956
211.143995
211.144035
211.144078
211.144116
211.144154
211.144196
211.144235
211.144274
211.144314
211.144352
211.144390
211.144430
211.144468
211.179991
211.180103
211.180296
211.180340
211.180380
211.180417
211.180456
211.180496
211.180536
211.180575
211.180612
211.180649
211.180686
211.180724
211.180760
211.180797
211.180834
211.180874
211.180911
211.180950
211.180987
211.181024
211.181060
211.181096
211.181133
211.181170
211.181210
211.213189
211.213288
211.213328
211.213364
211.213404
211.213441
211.213480
211.213517
211.213553
211.213655
211.213695
211.213735
211.213774
211.213813
211.213853
211.213889
211.213926
211.213962
211.214000
211.214038
211.214101
211.214140
211.214178
211.214214
211.214251
211.214288
211.214326
211.247418
211.247530
211.247572
211.247610
211.248201
211.248245
211.248283
211.248324
211.248363
211.248400
211.248437
211.248475
211.248512
211.248554
211.248593
211.248629
211.248670
211.248707
211.248746
211.248784
211.248822
211.248859
211.248895
211.248933
211.248970
211.249007
211.249043
211.279663
211.279768
211.279811
211.279850
211.279892
211.279935
211.279975
211.280018
211.280061
211.280103
211.280211
211.280287
211.280334
211.280378
211.280421
211.280462
211.280501
211.280543
211.280583
211.280621
211.280664
211.280705
211.280746
211.280785
211.280824
211.280866
211.280906
211.313755
211.313873
211.313913
211.313950
211.313987
211.314025
211.314110
211.314150
211.314187
211.314292
211.314333
211.314371
211.314408
211.314444
211.314481
211.314519
211.314558
211.314596
211.314633
211.314669
211.314706
211.314743
211.314782
211.314821
211.314858
211.314896
211.314933
211.346813
211.346924
211.346968
211.347010
211.347053
211.347095
211.347140
211.347190
211.347278
211.347324
211.347375
211.347421
211.347471
211.347519
211.347566
211.347613
211.347659
211.347706
211.347751
211.347795
211.347844
211.347890
211.347935
211.347982
211.348028
211.348105
211.348153
211.375028
211.375136
211.375179
211.375219
211.375258
211.375297
211.375336
211.375378
211.375416
211.375454
211.375495
211.375533
211.375571
211.375610
211.375649
211.375688
211.375729
211.375768
211.375806
211.375845
211.375883
211.375921
211.375962
211.376001
211.376064
211.376105
211.376145
211.406605
211.406733
211.406787
211.406839
211.406891
211.406944
211.406996
211.407047
211.407099
211.407150
211.407207
211.407258
211.407313
211.407367
211.407419
211.407470
211.407521
211.407572
211.407622
211.407673
211.407725
211.407776
211.407827
211.407880
211.407930
211.407981
211.408031
211.454169
211.454271
211.454313
211.454351
211.454389
211.454427
211.454464
211.454504
211.454540
211.454580
211.454692
211.454732
211.454769
211.454808
211.454846
211.454886
211.454925
211.454963
211.455001
211.455040
211.455078
211.455124
211.455165
211.455205
211.455243
211.455280
211.455318
211.477243
211.477350
211.477395
211.477440
211.477487
211.477535
211.477577
211.477621
211.477662
211.477704
211.477745
211.477790
211.477832
211.477877
211.477940
211.477983
211.478024
211.478997
211.479224
211.479284
211.479333
211.479380
211.479429
211.479475
211.479523
211.479571
211.479622
211.513670
211.513816
211.513894
211.513966
211.514039
211.514955
211.515012
211.515059
211.515103
211.515142
211.515182
211.515221
211.515266
211.515306
211.515348
211.515387
211.515428
211.515467
211.515506
211.515544
211.515587
211.515627
211.515669
211.515709
211.515747
211.515805
211.515853
211.532113
211.532216
211.532257
211.532295
211.532336
211.532378
211.532419
211.532460
211.532499
211.532538
211.532577
211.532685
211.532726
211.532763
211.532802
211.532838
211.532876
211.532915
211.532956
211.532993
211.533031
211.533068
211.533107
211.533145
211.533182
211.533219
211.533257
211.576302
211.576421
211.576463
211.576505
211.576547
211.576592
211.576632
211.576675
211.576715
211.576756
211.576796
211.576840
211.576880
211.576920
211.576960
211.577003
211.577046
211.577089
211.577133
211.577177
211.577218
211.577263
211.577306
211.577348
211.577389
211.577430
211.577473
211.608839
211.608942
211.608982
211.609021
211.609060
211.609100
211.609144
211.609182
211.609222
211.609327
211.609369
211.609410
211.609451
211.609488
211.609528
211.609566
211.609603
211.609643
211.609681
211.609720
211.609758
211.609795
211.609834
211.609872
211.609912
211.609951
211.609988
211.636879
211.636986
211.637029
211.637072
211.637114
211.637154
211.637195
211.637237
211.637276
211.637316
211.637356
211.637395
211.637435
211.637476
211.637517
211.637558
211.637601
211.637640
211.637680
211.637720
211.637761
211.637801
211.637841
211.637882
211.637921
211.637961
211.638002
211.672215
211.672320
211.672366
211.672405
211.672447
211.672488
211.672527
211.672570
211.672608
211.672646
211.672688
211.672729
211.672790
211.672833
211.672875
211.672914
211.672957
211.672998
211.673058
211.673100
211.673142
211.673181
211.673221
211.673261
211.673299
211.673338
211.673377
211.712190
211.712293
211.712335
211.712374
211.712414
211.712451
211.712492
211.712530
211.712570
211.712657
211.712932
211.712979
211.713023
211.713064
211.713107
211.713147
211.713190
211.713235
211.713284
211.713329
211.713375
211.713418
211.713506
211.713547
211.713595
211.713642
211.713687
211.733461
211.733567
211.733610
211.733650
211.733688
211.733730
211.733771
211.733814
211.733853
211.733893
211.733932
211.733971
211.734010
211.734128
211.734263
211.734306
211.734347
211.734390
211.734429
211.734468
211.734507
211.734546
211.734585
211.734626
211.734664
211.734701
211.734739
211.777888
211.778012
211.778116
211.778178
211.778237
211.778288
211.778338
211.778466
211.778516
211.778563
211.778613
211.778660
211.778709
211.778757
211.778804
211.779134
211.779188
211.779232
211.779275
211.779318
211.779361
211.779405
211.779449
211.779493
211.779537
211.779583
211.779627
211.803414
211.803520
211.803559
211.803600
211.803638
211.803677
211.803737
211.803778
211.803816
211.803889
211.803927
211.803964
211.804000
211.804040
211.804077
211.804117
211.804154
211.804191
211.804228
211.804265
211.804305
211.804344
211.804381
211.804418
211.804455
211.804493
211.804530
211.846285
211.846386
211.846427
211.846465
211.846502
211.846541
211.846581
211.846619
211.846659
211.846698
211.846736
211.846773
211.846809
211.846849
211.846885
211.846925
211.846962
211.846999
211.847036
211.847075
211.847112
211.847151
211.847187
211.847224
211.847261
211.847297
211.847333
211.875391
211.875904
211.875951
211.875991
211.876037
211.876143
211.876188
211.876229
211.876268
211.876312
211.876351
211.876393
211.876430
211.876506
211.876546
211.876585
211.876624
211.876662
211.877050
211.877136
211.877218
211.877298
211.877377
211.877459
211.877540
211.877621
211.877702
211.900604
211.900668
211.900696
211.900722
211.900747
211.900768
211.900785
211.900803
211.900820
211.900837
211.900854
211.900870
211.900886
211.900902
211.900919
211.900935
211.900952
211.900970
211.901032
211.901053
211.901069
211.901086
211.901103
211.901120
211.901138
211.901155
211.901172
211.939718
211.939825
211.939866
211.939905
211.939945
211.939983
211.940021
211.940058
211.940097
211.940760
211.940813
211.940853
211.940892
211.940931
211.940972
211.941011
211.941050
211.941091
211.941132
211.941170
211.941208
211.941246
211.941286
211.941325
211.941365
211.941403
211.941790
211.978289
211.978432
211.978496
211.978547
211.978590
211.978632
211.978680
211.978723
211.978854
211.978899
211.978941
211.978983
211.979027
211.979068
211.979108
211.979151
211.979196
211.979238
211.979279
211.979322
211.979363
211.979404
211.979450
211.979493
211.979538
211.979581
211.979625
212.016644
212.016750
212.016796
212.016838
212.016880
212.016918
212.016964
212.017003
212.017045
212.017084
212.017193
212.017239
212.017279
212.017318
212.017358
212.017401
212.017440
212.017481
212.017520
212.017559
212.017600
212.017638
212.017678
212.017716
212.017759
212.017798
212.017837
212.042914
212.043018
212.043059
212.043103
212.043142
212.043180
212.043219
212.043258
212.043295
212.043336
212.043374
212.043414
212.043453
212.043494
212.043533
212.043571
212.043612
212.043653
212.043692
212.043730
212.043769
212.043807
212.043846
212.043885
212.043924
212.043965
212.044004
212.075112
212.075260
212.075305
212.075344
212.075382
212.075421
212.075462
212.075503
212.075543
212.075581
212.075620
212.075661
212.075700
212.075741
212.075779
212.076520
212.076565
212.076605
212.076643
212.076680
212.076718
212.076756
212.076794
212.076831
212.076868
212.076906
212.076944
212.109594
212.109693
212.109732
212.109769
212.109809
212.109846
212.109882
212.109921
212.109958
212.109994
212.110031
212.110125
212.110165
212.110202
212.110242
212.110285
212.110324
212.110361
212.110398
212.110435
212.110475
212.110511
212.110549
212.110586
212.110625
212.110662
212.110700
212.145007
212.145109
212.145150
212.145188
212.145230
212.145270
212.145310
212.145348
212.145389
212.145428
212.145466
212.145506
212.145550
212.145592
212.145629
212.145667
212.145705
212.145744
212.145782
212.145819
212.145859
212.145899
212.145937
212.145975
212.146013
212.146117
212.146302
212.181921
212.182025
212.182117
212.182169
212.182214
212.182259
212.182303
212.182346
212.182470
212.182522
212.182568
212.182611
212.182651
212.182693
212.182731
212.182770
212.182810
212.182850
212.182894
212.182933
212.182971
212.183011
212.183053
212.183095
212.183137
212.183177
212.183218
212.201345
212.201467
212.201509
212.201553
212.201599
212.201639
212.201679
212.201721
212.201759
212.201799
212.201838
212.201877
212.201916
212.201956
212.201998
212.202041
212.202126
212.202170
212.202211
212.202251
212.202291
212.202331
212.202371
212.202410
212.202449
212.202489
212.202528
212.241460
212.241564
212.241605
212.241643
212.241683
212.241722
212.241760
212.241797
212.241835
212.241909
212.241948
212.241988
212.242025
212.242221
212.242268
212.242306
212.242343
212.242380
212.242419
212.242456
212.242493
212.242533
212.242570
212.242606
212.242645
212.242684
212.242722
212.280472
212.280583
212.280624
212.280663
212.280703
212.280746
212.280789
212.280828
212.281479
212.281525
212.281563
212.281599
212.281636
212.281672
212.281709
212.281745
212.281782
212.281821
212.281863
212.281899
212.281936
212.281973
212.282010
212.282047
212.282127
212.282166
212.282203
212.311238
212.311376
212.311446
212.311506
212.311568
212.311632
212.311674
212.311722
212.311762
212.311808
212.311848
212.312804
212.312856
212.312899
212.312946
212.312988
212.313031
212.313074
212.313114
212.313258
212.313301
212.313341
212.313381
212.313420
212.313462
212.313501
212.313555
212.346037
212.346199
212.346246
212.346288
212.346332
212.346377
212.346422
212.346465
212.346576
212.346621
212.346663
212.346704
212.346747
212.346788
212.346830
212.346870
212.346912
212.346953
212.346996
212.347039
212.347078
212.347115
212.347153
212.347191
212.347230
212.347268
212.347307
212.367998
212.368106
212.368148
212.368187
212.368229
212.368269
212.368307
212.368345
212.368456
212.368500
212.368541
212.368579
212.368621
212.368658
212.368696
212.368734
212.368775
212.368813
212.368852
212.368894
212.368932
212.368970
212.369008
212.369046
212.369084
212.369122
212.369159
212.406673
212.406773
212.406814
212.406851
212.406924
212.406988
212.407028
212.407068
212.407107
212.407145
212.407182
212.407220
212.407259
212.407298
212.407337
212.407378
212.407418
212.407454
212.407490
212.407527
212.407565
212.407603
212.407641
212.407677
212.407715
212.407751
212.407788
212.442875
212.442977
212.443019
212.443059
212.443099
212.443137
212.443175
212.443213
212.443251
212.443292
212.443333
212.443374
212.443413
212.443450
212.443488
212.443526
212.443567
212.443605
212.443643
212.443684
212.443722
212.443760
212.443799
212.443837
212.443875
212.443912
212.443950
212.470257
212.470361
212.470402
212.470444
212.470484
212.470522
212.470560
212.470600
212.470637
212.470674
212.470713
212.470749
212.470858
212.470899
212.470936
212.470975
212.471016
212.471055
212.471099
212.471146
212.471190
212.471234
212.471278
212.471319
212.471363
212.471406
212.471445
212.509487
212.509590
212.509629
212.509669
212.509709
212.509747
212.509785
212.509824
212.509860
212.509896
212.510003
212.510044
212.510137
212.510178
212.510229
212.510267
212.510309
212.510345
212.510384
212.510421
212.510459
212.510499
212.510536
212.510572
212.510610
212.510648
212.510686
212.551344
212.551446
212.551488
212.551529
212.551569
212.551609
212.551647
212.551683
212.551721
212.551759
212.551872
212.551912
212.551949
212.551988
212.552026
212.552066
212.552103
212.552140
212.552177
212.552215
212.552253
212.552291
212.552328
212.552365
212.552402
212.552447
212.552487
212.575936
212.576039
212.576083
212.576125
212.576168
212.576209
212.576251
212.576290
212.576330
212.576369
212.576409
212.576449
212.576492
212.576533
212.576574
212.576613
212.576654
212.576717
212.576758
212.576801
212.576850
212.576889
212.576930
212.576971
212.577015
212.577055
212.577097
212.604152
212.604257
212.604296
212.604335
212.604379
212.604419
212.604459
212.604499
212.604537
212.604574
212.604610
212.604716
212.604757
212.604798
212.604835
212.604874
212.604922
212.604967
212.605016
212.605057
212.605097
212.605136
212.605173
212.605210
212.605248
212.605284
212.605322
212.635969
212.636073
212.636115
212.636155
212.636194
212.636232
212.636273
212.636311
212.636348
212.636387
212.636494
212.636538
212.636580
212.636618
212.636658
212.636696
212.636734
212.636774
212.636814
212.636851
212.636890
212.636930
212.636970
212.637006
212.637044
212.637081
212.637118
212.678671
212.678802
212.678859
212.678911
212.679031
212.679082
212.679229
212.679329
212.679522
212.679572
212.679614
212.679765
212.679810
212.679856
212.679897
212.679940
212.679983
212.680025
212.680069
212.680110
212.680151
212.680191
212.680234
212.680275
212.680317
212.680360
212.680400
212.702917
212.703020
212.703063
212.703104
212.703141
212.703179
212.703219
212.703258
212.703294
212.703330
212.703370
212.703476
212.703519
212.703556
212.703594
212.703633
212.703671
212.703709
212.703745
212.703782
212.703819
212.703860
212.703897
212.703936
212.703975
212.704012
212.704050
212.743975
212.744097
212.744159
212.744220
212.744277
212.744333
212.744387
212.744536
212.744595
212.744654
212.744712
212.744769
212.744825
212.744941
212.745000
212.745055
212.745110
212.745166
212.745221
212.745277
212.745333
212.745390
212.745451
212.745508
212.745564
212.745620
212.745680
212.783129
212.783228
212.783302
212.783342
212.783381
212.783419
212.783457
212.783496
212.783574
212.783616
212.783655
212.783694
212.783734
212.783773
212.783810
212.783848
212.783884
212.783923
212.783959
212.783996
212.784033
212.784073
212.784112
212.784151
212.784192
212.784229
212.784266
212.815151
212.815256
212.815298
212.815337
212.815377
212.815420
212.815460
212.815500
212.815541
212.815582
212.815619
212.815657
212.815721
212.815762
212.815801
212.815841
212.815881
212.815921
212.815960
212.816000
212.816040
212.816081
212.816118
212.816159
212.816200
212.816239
212.816280
212.850878
212.850978
212.851016
212.851053
212.851091
212.851130
212.851167
212.851207
212.851247
212.851284
212.851322
212.851359
212.851399
212.851438
212.851475
212.851515
212.851552
212.851589
212.851626
212.851663
212.851701
212.851740
212.851779
212.851816
212.851852
212.851892
212.851928
212.878609
212.878755
212.878801
212.878844
212.878913
212.878957
212.878998
212.879038
212.879077
212.879120
212.879158
212.879195
212.879233
212.879271
212.879524
212.879579
212.879617
212.879654
212.879692
212.879729
212.879770
212.879807
212.879844
212.879881
212.879918
212.879955
212.879992
212.915152
212.915203
212.915220
212.915236
212.915252
212.915268
212.915282
212.915296
212.915308
212.915321
212.915333
212.915345
212.915358
212.915370
212.915382
212.915395
212.915407
212.915420
212.915433
212.915445
212.915458
212.915470
212.915483
212.915495
212.915508
212.915520
212.915533
212.934582
212.934685
212.934726
212.934765
212.934803
212.934845
212.934884
212.934924
212.934965
212.935003
212.935042
212.935081
212.935121
212.935161
212.935199
212.935240
212.935279
212.935317
212.935358
212.935396
212.935435
212.935475
212.935513
212.935551
212.935589
212.935631
212.935669
212.966602
212.966718
212.966766
212.966816
212.966861
212.966908
212.966950
212.966996
212.967116
212.967165
212.967205
212.967247
212.967289
212.967329
212.967369
212.967410
212.967451
212.967492
212.967532
212.967572
212.967611
212.967655
212.967696
212.967736
212.967780
212.967825
212.967874
213.015131
213.015233
213.015275
213.015314
213.015351
213.015392
213.015431
213.015471
213.015508
213.015617
213.015659
213.015698
213.015737
213.015776
213.015815
213.015851
213.015889
213.015925
213.015963
213.016002
213.016038
213.016074
213.016114
213.016150
213.016189
213.016228
213.016265
213.044816
213.044928
213.044973
213.045015
213.045060
213.045105
213.045148
213.045193
213.045236
213.045279
213.045322
213.045367
213.045409
213.045452
213.045495
213.045618
213.045671
213.045719
213.045766
213.045810
213.045850
213.045971
213.046018
213.046112
213.046156
213.046197
213.046237
213.076903
213.077011
213.077054
213.077095
213.077136
213.077175
213.077214
213.077255
213.077293
213.077331
213.077369
213.077411
213.077516
213.077558
213.077930
213.078014
213.078161
213.078253
213.078337
213.078427
213.078506
213.078585
213.078664
213.078743
213.078823
213.078904
213.078983
213.114358
213.114460
213.114503
213.114542
213.114580
213.114620
213.114661
213.114698
213.114735
213.114773
213.114813
213.114851
213.114888
213.114928
213.114966
213.115004
213.115043
213.115084
213.115122
213.115160
213.115197
213.115234
213.115277
213.115315
213.115352
213.115392
213.115430
213.137367
213.137470
213.137513
213.137551
213.137589
213.137630
213.137667
213.137705
213.137746
213.137868
213.137910
213.137958
213.137997
213.138035
213.138137
213.138177
213.138214
213.138601
213.138687
213.138767
213.138847
213.138926
213.139007
213.139088
213.139173
213.139254
213.139333
213.167874
213.168540
213.168686
213.168781
213.168867
213.168949
213.169032
213.169116
213.169197
213.169278
213.169360
213.169441
213.169522
213.169605
213.169688
213.169770
213.169853
213.169936
213.170019
213.170162
213.170258
213.170344
213.170429
213.170511
213.170594
213.170688
213.170776
213.208751
213.208854
213.208894
213.208933
213.208974
213.209011
213.209048
213.209086
213.209124
213.209162
213.209265
213.209308
213.209347
213.209384
213.209424
213.209464
213.209502
213.209539
213.209577
213.209613
213.209653
213.209690
213.209728
213.209766
213.209803
213.209841
213.209880
213.248973
213.249074
213.249112
213.249149
213.249186
213.249223
213.249261
213.249300
213.249338
213.249375
213.249411
213.249448
213.249486
213.249523
213.249559
213.249596
213.249633
213.249670
213.249707
213.249744
213.249782
213.249820
213.249856
213.249893
213.249932
213.249968
213.250005
213.278750
213.278853
213.278895
213.279360
213.279408
213.279448
213.279550
213.279593
213.279683
213.279772
213.279819
213.280240
213.280284
213.280322
213.280359
213.280396
213.280433
213.280469
213.280509
213.280546
213.280583
213.280620
213.280662
213.280698
213.280736
213.280775
213.280813
213.311368
213.311471
213.311509
213.311569
213.311609
213.311647
213.311685
213.311724
213.311761
213.311798
213.311837
213.311874
213.311913
213.311951
213.312054
213.312095
213.312131
213.312169
213.312207
213.312246
213.312283
213.312320
213.312357
213.312394
213.312432
213.312470
213.312508
213.347899
213.347999
213.348038
213.348077
213.348113
213.348152
213.348189
213.348225
213.348262
213.348299
213.348335
213.348716
213.348799
213.348880
213.348964
213.349045
213.349124
213.349205
213.349285
213.349365
213.349450
213.349534
213.349614
213.349695
213.349776
213.349857
213.349938
213.382902
213.383003
213.383043
213.383083
213.383122
213.383160
213.383198
213.383236
213.383274
213.383379
213.383425
213.383462
213.383500
213.383539
213.383580
213.383622
213.383664
213.383705
213.383746
213.383785
213.383822
213.383860
213.383898
213.383937
213.383975
213.384014
213.384053
213.415798
213.415898
213.415938
213.415977
213.416015
213.416053
213.416093
213.416133
213.416173
213.416211
213.416251
213.416289
213.416326
213.416366
213.416407
213.416445
213.416483
213.416800
213.416883
213.416925
213.416998
213.417038
213.417074
213.417112
213.417150
213.417201
213.417240
213.445901
213.446521
213.446630
213.446721
213.446871
213.446968
213.447054
213.447139
213.447224
213.447309
213.447395
213.447477
213.447557
213.447638
213.447720
213.447801
213.447883
213.447965
213.448047
213.448129
213.448213
213.448296
213.448378
213.448459
213.448541
213.448624
213.448707
213.480907
213.481007
213.481051
213.481090
213.481132
213.481172
213.481213
213.481253
213.481296
213.481335
213.481374
213.481413
213.481452
213.481492
213.481531
213.481572
213.481609
213.481716
213.481759
213.481796
213.481836
213.481876
213.481914
213.481952
213.481991
213.482030
213.483296
213.513033
213.513532
213.513658
213.513752
213.513840
213.513956
213.514039
213.514161
213.514253
213.514338
213.514421
213.514503
213.514586
213.514671
213.514755
213.514840
213.514926
213.515020
213.515105
213.515190
213.515274
213.515358
213.515443
213.515524
213.515608
213.515700
213.515791
213.544673
213.545169
213.545278
213.545379
213.545463
213.545547
213.545632
213.545753
213.545841
213.545928
213.546010
213.546172
213.546270
213.546387
213.546487
213.546571
213.546663
213.546746
213.546828
213.546912
213.546994
213.547076
213.547158
213.547240
213.547328
213.547417
213.547500
213.576252
213.577328
213.577412
213.577465
213.577512
213.577557
213.577598
213.577638
213.577679
213.577718
213.577760
213.577798
213.577837
213.577876
213.577915
213.577954
213.577995
213.578033
213.578139
213.578185
213.578225
213.578265
213.578307
213.578348
213.578390
213.578430
213.578475
213.609875
213.609984
213.610023
213.610135
213.610177
213.610216
213.610253
213.610291
213.610396
213.610438
213.610476
213.610514
213.610554
213.610591
213.610628
213.610666
213.610706
213.610744
213.610782
213.610825
213.610863
213.610903
213.610942
213.610979
213.611017
213.611058
213.611096
213.643185
213.643283
213.643323
213.643360
213.643398
213.643437
213.643474
213.643510
213.643547
213.643584
213.643620
213.643657
213.643694
213.643730
213.643768
213.643806
213.643843
213.643880
213.643918
213.643955
213.643992
213.644029
213.644066
213.644103
213.644140
213.644176
213.644213
213.680324
213.680429
213.680469
213.680508
213.680546
213.680583
213.680623
213.680660
213.680699
213.680740
213.680778
213.680817
213.680857
213.680898
213.680937
213.681130
213.681173
213.681213
213.681251
213.681289
213.681327
213.681365
213.681403
213.681441
213.681480
213.681517
213.681556
213.705517
213.705619
213.705659
213.705699
213.705737
213.705777
213.705815
213.705853
213.705892
213.705968
213.706008
213.706048
213.706106
213.706146
213.706183
213.706221
213.706258
213.706296
213.706338
213.706377
213.706415
213.706453
213.706492
213.706531
213.706570
213.706608
213.706648
213.743029
213.743138
213.743179
213.743224
213.743268
213.743309
213.743355
213.743395
213.743433
213.743470
213.743507
213.743544
213.743583
213.743621
213.743659
213.743696
213.743734
213.743796
213.743836
213.743877
213.743915
213.743952
213.743990
213.744029
213.744068
213.744105
213.744147
213.777947
213.778087
213.778134
213.778175
213.778213
213.778256
213.778297
213.778336
213.778377
213.778506
213.778552
213.778591
213.778631
213.778694
213.778736
213.778784
213.778825
213.778867
213.778910
213.778951
213.778993
213.779035
213.779077
213.779119
213.779162
213.779205
213.779250
213.806412
213.806515
213.806553
213.806590
213.806630
213.806667
213.806705
213.806742
213.806778
213.806818
213.806857
213.806894
213.806934
213.806971
213.807010
213.807047
213.807086
213.807123
213.807160
213.807197
213.807234
213.807271
213.807309
213.807347
213.807384
213.807420
213.807457
213.845201
213.845316
213.845365
213.845411
213.845458
213.845506
213.845550
213.845599
213.845648
213.845696
213.845740
213.845862
213.845907
213.845951
213.845990
213.846037
213.846107
213.846149
213.846190
213.846228
213.846266
213.846308
213.846347
213.846385
213.846424
213.846461
213.846497
213.879137
213.879241
213.879280
213.879319
213.880074
213.880128
213.880166
213.880205
213.880243
213.880289
213.880410
213.880497
213.880539
213.880578
213.880617
213.880656
213.880695
213.880734
213.880773
213.880811
213.880851
213.880890
213.880928
213.880966
213.881005
213.881045
213.881084
213.911549
213.911661
213.911705
213.911748
213.911793
213.911835
213.911883
213.911926
213.911967
213.912009
213.912050
213.912092
213.912133
213.912178
213.912219
213.912264
213.912309
213.912351
213.912393
213.912436
213.912480
213.912523
213.912566
213.912610
213.912650
213.912693
213.912738
213.943321
213.943423
213.944481
213.944551
213.944595
213.944642
213.944685
213.945099
213.945194
213.945280
213.945372
213.945457
213.945567
213.945673
213.945768
213.945866
213.945962
213.946086
213.946247
213.946361
213.946471
213.984738
213.985219
213.985309
213.985397
213.985481
213.985564
213.985647
213.985731
213.985817
213.985902
213.985989
213.986110
213.986219
213.986315
213.986409
213.986506
213.986592
213.986681
213.986769
213.986860
213.986945
213.987035
213.987120
213.987205
213.987289
213.987373
213.987458
214.010711
214.010821
214.010864
214.010909
214.010949
214.010991
214.011031
214.011073
214.011113
214.011153
214.011192
214.011233
214.011272
214.011313
214.011353
214.011395
214.011437
214.011475
214.011514
214.011553
214.011590
214.011630
214.011667
214.011705
214.011743
214.011783
214.011822
214.051899
214.052000
214.052038
214.052076
214.052113
214.052152
214.052189
214.052225
214.052263
214.052299
214.052336
214.052717
214.052759
214.052796
214.052833
214.052870
214.052906
214.052942
214.052978
214.053017
214.053054
214.053091
214.053127
214.053164
214.053205
214.053243
214.053280
214.083757
214.083857
214.083896
214.083935
214.083972
214.084009
214.084045
214.084085
214.084122
214.084158
214.084194
214.084230
214.084267
214.084303
214.084339
214.084375
214.084412
214.084449
214.084486
214.084590
214.084631
214.084667
214.084704
214.084741
214.084777
214.084814
214.084850
214.105559
214.105665
214.105706
214.105744
214.105783
214.105822
214.105859
214.105897
214.105935
214.105974
214.106013
214.106110
214.106153
214.106192
214.106230
214.106269
214.106308
214.106346
214.106386
214.106425
214.106464
214.106503
214.106541
214.106579
214.106617
214.106657
214.106696
214.147659
214.147715
214.147734
214.147752
214.147767
214.147781
214.147795
214.147808
214.147821
214.147834
214.147847
214.147859
214.147873
214.147886
214.147898
214.147911
214.147925
214.147939
214.147953
214.147966
214.147980
214.147993
214.148007
214.148022
214.148035
214.148049
214.148065
214.182029
214.182207
214.182253
214.182292
214.182332
214.182371
214.182409
214.182448
214.182486
214.182524
214.182563
214.182601
214.182638
214.182676
214.182785
214.182823
214.182865
214.182903
214.182942
214.182979
214.183015
214.183051
214.183088
214.183126
214.183164
214.183206
214.183243
214.210757
214.210859
214.210901
214.210939
214.210977
214.211015
214.211053
214.211091
214.211129
214.211168
214.211209
214.211250
214.211288
214.211327
214.211365
214.211404
214.211441
214.211479
214.211517
214.211556
214.211593
214.211631
214.211670
214.211709
214.211748
214.211786
214.211826
214.249845
214.249945
214.249984
214.250022
214.250156
214.250199
214.250238
214.250276
214.250313
214.250420
214.250461
214.250498
214.250535
214.250572
214.250608
214.250645
214.250684
214.250721
214.250762
214.250801
214.250838
214.250875
214.250912
214.250949
214.250985
214.251022
214.251060
214.267898
214.268002
214.268043
214.268083
214.268122
214.268162
214.268201
214.268240
214.268280
214.268333
214.268467
214.268526
214.268570
214.268617
214.268663
214.268709
214.268759
214.268810
214.268860
214.268906
214.268950
214.268996
214.269044
214.269087
214.269132
214.269178
214.269222
214.307618
214.307727
214.307769
214.307807
214.307845
214.307884
214.307922
214.307960
214.307999
214.308040
214.308149
214.308189
214.308227
214.308265
214.308304
214.308342
214.308382
214.308420
214.308608
214.308656
214.308694
214.308731
214.308769
214.308806
214.308844
214.308883
214.308920
214.347023
214.347144
214.347195
214.347238
214.347286
214.347329
214.347372
214.347418
214.347537
214.347585
214.347630
214.347676
214.347722
214.347767
214.347811
214.347855
214.347900
214.347946
214.347995
214.348039
214.348084
214.348133
214.348181
214.348225
214.348269
214.348314
214.348358
214.381570
214.381670
214.381711
214.381748
214.381790
214.381830
214.381867
214.381904
214.381940
214.382046
214.382115
214.382157
214.382194
214.382230
214.382270
214.382309
214.382347
214.382384
214.382424
214.382461
214.382497
214.382533
214.382569
214.382605
214.382644
214.382681
214.382718
214.411445
214.411546
214.411586
214.411625
214.411666
214.411706
214.411746
214.411786
214.411824
214.411861
214.411901
214.411943
214.411981
214.412022
214.412059
214.412097
214.412135
214.412173
214.412217
214.412260
214.412299
214.412338
214.412377
214.412417
214.412460
214.412501
214.412540
214.446809
214.446922
214.446964
214.447006
214.447050
214.447092
214.447132
214.447173
214.447216
214.450456
214.450526
214.450574
214.450612
214.450654
214.450691
214.450728
214.450768
214.450804
214.450843
214.450881
214.450917
214.450957
214.450995
214.451033
214.451072
214.451110
214.451149
214.483556
214.483660
214.483698
214.483738
214.483779
214.483820
214.483858
214.483896
214.483936
214.484015
214.484057
214.484098
214.484136
214.484174
214.484214
214.484254
214.484292
214.484332
214.484370
214.484409
214.484447
214.484487
214.484524
214.484562
214.484602
214.484640
214.484678
214.515687
214.515787
214.515826
214.515863
214.515903
214.515940
214.515977
214.516014
214.516051
214.516156
214.516195
214.516235
214.516272
214.516311
214.516350
214.516390
214.516428
214.516465
214.516501
214.516538
214.516577
214.516615
214.516654
214.516691
214.516728
214.516765
214.516802
214.545885
214.545971
214.546009
214.546040
214.546083
214.546134
214.546162
214.546190
214.546213
214.546235
214.546253
214.546271
214.546287
214.546372
214.546392
214.546410
214.546426
214.546442
214.546460
214.546475
214.546492
214.546509
214.546525
214.546539
214.546555
214.546572
214.546587
214.577902
214.577957
214.577974
214.577992
214.578011
214.578027
214.578043
214.578085
214.578102
214.578145
214.578160
214.578176
214.578191
214.578205
214.578219
214.578235
214.578249
214.578263
214.578280
214.578312
214.578326
214.578412
214.578428
214.578448
214.578461
214.578475
214.578490
214.609189
214.609296
214.609340
214.609379
214.609419
214.609457
214.609495
214.609532
214.609570
214.609607
214.609647
214.609685
214.609725
214.609764
214.609801
214.609839
214.609879
214.609919
214.609959
214.609999
214.610037
214.612541
214.612606
214.612650
214.612690
214.612730
214.612769
214.637766
214.637868
214.637912
214.637956
214.637997
214.638035
214.639133
214.639194
214.639239
214.639281
214.639320
214.639359
214.639399
214.639438
214.639477
214.639517
214.639555
214.639597
214.639637
214.639676
214.639719
214.639757
214.639797
214.639836
214.639876
214.639916
214.639955
214.677178
214.677283
214.677326
214.677368
214.677409
214.677451
214.677492
214.677530
214.677569
214.677609
214.677652
214.677693
214.677731
214.677770
214.677810
214.677851
214.677893
214.677932
214.677970
214.678008
214.678050
214.678686
214.678739
214.678784
214.678826
214.678868
214.678915
214.726156
214.726232
214.726273
214.726310
214.726349
214.726390
214.726427
214.726465
214.726502
214.726544
214.726584
214.726621
214.726660
214.726697
214.726735
214.726774
214.726814
214.726851
214.726890
214.726928
214.726965
214.727003
214.727042
214.727079
214.727116
214.727155
214.727192
214.752950
214.753001
214.753017
214.753032
214.753047
214.753064
214.753080
214.753095
214.753109
214.753123
214.753138
214.753153
214.753166
214.753178
214.753191
214.753204
214.753217
214.753230
214.753242
214.753257
214.753270
214.753283
214.753295
214.753309
214.753321
214.753334
214.753348
214.774700
214.774809
214.774850
214.774887
214.774924
214.774961
214.774998
214.775035
214.775077
214.775183
214.775226
214.775267
214.775306
214.775346
214.775382
214.775419
214.775456
214.775495
214.775534
214.775571
214.775608
214.775646
214.775683
214.775720
214.775756
214.775794
214.775832
214.810713
214.810817
214.810861
214.810901
214.810941
214.810980
214.811021
214.811062
214.811100
214.811139
214.811178
214.811297
214.811341
214.811381
214.811419
214.811459
214.811499
214.811537
214.811575
214.811616
214.811666
214.811719
214.811765
214.811814
214.811868
214.811913
214.811958
214.846496
214.846596
214.846638
214.846678
214.846715
214.846753
214.846789
214.846827
214.846864
214.846903
214.846940
214.846979
214.847019
214.847056
214.847093
214.847134
214.847175
214.847288
214.847333
214.847374
214.847413
214.847453
214.847491
214.847528
214.847567
214.847605
214.847642
214.882990
214.883098
214.883138
214.883177
214.883219
214.883257
214.883296
214.883337
214.883379
214.883420
214.883460
214.883501
214.883542
214.883580
214.883617
214.883654
214.883695
214.883735
214.883773
214.883812
214.883850
214.883889
214.883926
214.883965
214.884002
214.884041
214.884079
214.910615
214.910669
214.910688
214.910704
214.910720
214.910736
214.910751
214.910765
214.910778
214.910791
214.910804
214.910816
214.910828
214.910840
214.910854
214.910867
214.910880
214.910893
214.910906
214.910918
214.910932
214.910945
214.910957
214.910971
214.910983
214.910996
214.911009
241.553360
241.553526
241.558869
241.573805
241.573872
241.574662
242.006173
242.006319
242.006656
242.007203
242.007356
242.007553
242.007601
242.007641
242.008175
242.008297
242.008391
242.008432
242.008729
242.008924
242.009077
242.009260
242.009305
242.009491
242.009701
242.009736
242.009925
242.010007
242.010050
242.010353
242.010472
242.010506
242.011049
243.638174
243.638313
243.638359
243.638676
243.638714
243.639410
