205.375190
205.375659
205.510600
205.510639
205.511394
206.013741
206.013769
206.013795
206.013822
206.013849
206.013876
206.013907
206.013950
206.141952
206.141981
206.142009
206.142037
206.142065
206.142092
206.142120
206.142148
206.142180
206.142208
206.142235
206.142265
206.142292
206.142319
206.142348
206.142480
206.142509
206.142540
206.142569
206.142598
206.142627
206.142656
206.142686
206.142717
206.142745
206.341840
206.341868
207.076631
207.076642
207.076653
207.076673
207.110783
207.110798
207.110811
207.110821
207.110834
207.110865
207.110889
207.110899
207.110918
207.110938
207.110948
207.110961
207.110970
207.110984
207.110995
207.173303
207.173405
207.173494
207.173525
207.173545
207.173573
207.173590
207.173603
207.173622
207.173633
207.173646
207.173657
207.173670
207.413925
207.413952
207.413979
207.414006
207.414033
207.414059
207.414085
207.414112
207.414138
207.414167
207.414270
207.414298
207.414324
207.414351
207.414378
207.414404
207.414431
207.414458
207.414484
207.414514
207.549123
207.549221
207.549316
207.549355
207.715066
207.715177
207.715285
207.715358
207.715407
207.715447
207.715495
207.715539
207.715566
207.715608
207.715648
207.715696
207.715722
207.715750
207.715778
207.715805
207.715878
207.715933
207.715982
209.332524
209.332559
209.569700
209.569712
209.569723
209.569733
209.842573
209.842619
209.842668
209.842719
209.842764
209.842808
209.842851
209.842885
209.842932
209.905051
209.905086
209.905120
209.905251
209.905289
209.905324
210.476346
210.476394
211.249980
211.250008
211.516451
211.516495
211.516540
211.516585
211.516667
211.516747
211.877909
211.877962
213.881721
213.881748
213.881775
213.881816
213.946354
213.946465
213.946574
213.946621
213.946661
213.946688
213.946721
213.946749
213.946789
213.946838
213.946879
213.946921
213.946960
213.947000
213.947041
213.947126
213.947172
213.947213
213.947257
214.451554
214.451587
214.451614
214.451641
214.451671
214.451700
214.451726
214.451754
214.451859
214.451912
214.451956
214.451999
214.452040
214.452082
214.452123
214.452165
214.452211
214.452254
214.613061
214.613090
214.613119
214.613149
214.613178
214.613207
214.640535
214.640590
214.640639
214.640685
214.640731
214.911167
214.913169
214.913211
214.913235
214.913245
214.913257
214.913267
214.913280
214.913289
214.913299
214.913315
214.913325
214.913336
214.913346
214.913360
214.913370
214.913380
214.914485
214.914544
214.914593
214.914662
214.914718
214.914761
214.914828
214.914875
214.914907
214.914955
214.937471
214.937484
214.937544
214.937569
214.937640
214.937663
214.937675
214.937722
214.937734
214.937781
214.937849
214.937883
214.937895
214.937917
214.937952
214.937978
214.938012
214.938035
214.938142
214.938161
214.938198
214.938210
214.938221
214.938233
214.938257
214.938269
214.938292
214.938334
214.938341
214.938380
214.938397
214.938445
214.938460
214.938468
214.938498
214.938507
214.938538
214.938592
214.938616
214.938624
214.938638
214.938661
214.938678
214.938701
214.938717
214.938724
214.938732
214.938755
214.938763
214.938770
214.938778
214.938794
214.938821
214.938839
