164.898147
164.898238
164.898330
164.898345
164.898357
164.898421
164.898432
164.898443
164.898453
164.898463
164.898473
164.898483
164.898493
164.898502
164.898512
164.898523
164.934431
164.934457
164.934484
164.934512
164.934539
164.934566
164.935369
165.229119
165.229151
165.330240
165.330266
165.469479
165.469518
165.469556
165.469600
165.469627
165.469654
165.621209
165.621274
165.621338
165.621396
165.621438
165.621477
165.621529
165.621569
165.621607
165.806972
165.807045
165.807146
165.807227
166.102976
166.103170
166.103221
166.103254
166.103286
166.103316
166.103345
166.103376
166.728250
166.728290
166.728326
166.728463
166.728512
166.728543
166.728569
166.728596
166.728628
166.728653
166.728679
166.728704
166.728733
166.728753
166.728781
166.728801
166.728861
168.661445
168.661455
169.666085
169.666133
169.666163
169.666193
169.666221
169.666251
169.666281
169.666313
169.666344
169.666374
169.666404
169.666430
169.666457
169.666484
169.666706
169.666754
169.666784
169.666812
169.666841
170.232836
170.232975
170.233103
170.233169
170.233211
170.233251
170.233292
170.233332
170.233372
170.233411
170.233451
170.233491
170.365406
170.365528
170.365648
170.365698
170.365739
170.365777
170.365816
170.365855
170.365893
170.365931
170.365970
170.366011
170.366050
170.366094
170.366132
170.366173
170.366258
170.366298
170.366339
170.425739
170.425766
170.505916
170.505962
170.506008
170.506036
170.506075
170.506115
170.506154
170.506214
170.506255
170.506714
170.569661
170.569689
170.569718
170.569746
170.569775
170.961014
170.961061
171.226796
171.226824
171.434995
171.435087
171.435179
171.435244
171.435303
171.435362
171.435417
171.435526
171.435583
171.435641
171.435698
171.435755
171.435810
171.435866
171.435923
171.435977
171.436030
171.436083
171.436136
171.436189
171.436242
171.436297
171.436353
171.436416
171.436470
171.436523
171.436575
171.436631
171.436684
171.436737
171.465207
171.465234
171.465305
171.465345
171.465372
171.465400
171.465427
171.465454
171.465481
171.465508
171.800473
171.800546
171.800622
171.800656
171.800723
171.800773
171.800821
171.800878
172.099107
172.099150
172.099196
172.099251
172.099296
172.099337
172.099377
172.099419
172.099498
172.099541
172.099584
172.099626
172.099668
172.099710
172.099751
172.099800
172.099844
172.099872
172.099898
172.099927
172.595526
172.595592
172.941449
172.941596
172.941675
172.941744
172.941783
172.941800
173.403798
173.403843
173.403889
173.403914
173.403924
173.403944
173.403955
173.532769
173.532834
173.532896
173.532939
173.532966
173.702523
173.702551
174.632764
174.632831
174.632893
174.632941
174.632984
174.633023
175.404770
175.404821
175.404871
175.404903
175.404916
175.404930
175.404944
175.913694
175.913710
176.177800
176.177826
176.269471
176.269525
176.269573
176.269609
176.269629
176.269647
177.440799
177.440846
177.570371
177.570399
177.570490
177.570530
178.435807
178.435826
179.672751
179.672792
181.943263
181.943291
181.943302
181.943327
182.072960
182.072991
182.073017
182.073044
182.073073
182.444731
182.444797
182.444860
182.444910
182.444938
182.444964
182.918663
182.918713
183.444694
183.444761
184.078217
184.078280
184.078345
184.078395
184.078423
184.078449
184.078476
184.078580
184.078627
184.078689
184.078730
184.078776
184.078824
184.078866
184.078916
184.078959
184.079000
184.079041
184.079081
184.079122
184.079163
184.079208
184.079253
184.079303
184.308885
184.308935
184.308984
184.309004
184.309015
184.309024
184.309034
185.102570
185.102629
185.577295
185.577366
185.711251
185.711296
186.983055
186.983064
186.983074
186.983084
186.983094
186.983104
186.983114
186.983123
186.983133
186.983142
186.983151
186.983161
186.983170
186.983179
186.983216
186.983228
186.983237
186.983246
186.983255
186.983264
186.983275
186.983284
186.983293
186.983302
186.983312
186.983321
186.983330
186.983340
186.983350
186.983359
186.983769
186.983789
186.983801
186.983813
186.983824
187.406972
187.407036
187.407098
187.407143
187.407170
187.407218
187.407246
187.789212
187.789239
187.789266
187.789294
187.789322
187.789350
187.789379
187.945006
187.945036
189.086286
189.086330
189.086378
189.086411
189.086529
189.086610
189.086672
189.086758
189.086819
189.086865
189.482262
189.482311
189.482350
189.482390
189.482431
189.482470
189.482512
189.482539
189.482566
189.482593
189.482631
189.482670
189.482712
189.482756
189.482794
189.482904
189.482967
189.483016
189.483066
189.483123
189.483174
189.483233
189.483288
189.483323
189.483356
189.483384
189.483416
189.483450
189.483476
189.483505
189.483535
189.483570
189.483598
189.483625
189.483654
189.483682
189.483710
189.946215
189.946279
189.946341
189.946395
189.946423
189.946449
189.946493
189.946533
189.946571
189.946614
189.946653
189.947158
191.344089
191.344138
191.612796
191.612863
191.612930
191.612979
191.613021
191.613061
191.613104
192.356666
192.356694
192.356724
192.356754
192.356782
192.356812
192.356840
192.356868
192.356897
192.356925
192.356952
194.915706
194.915755
194.915802
194.915835
194.915844
194.915862
195.151382
195.151428
195.151477
195.151507
195.151517
195.151528
195.151544
195.151565
195.151575
195.151588
195.151599
195.151611
195.151622
195.151634
195.151643
195.151698
195.151722
195.151742
195.151753
195.308548
195.308609
196.848621
196.848632
197.019033
197.019080
197.019125
197.019159
197.019170
197.019181
197.019194
197.019207
198.486846
198.486912
198.486977
198.487023
198.487056
198.487084
198.487111
198.487139
198.487166
198.487213
198.487242
198.487271
198.487299
198.487326
198.487972
198.488023
198.488068
198.488116
198.488149
198.654739
198.654804
198.654870
198.654916
198.654964
198.655053
198.655094
198.655136
198.655176
198.655216
198.655260
198.655307
198.655347
198.655387
198.655435
198.655475
198.655515
198.925902
198.927685
198.927747
198.927792
198.927832
198.927872
198.927910
198.927950
198.927990
198.928028
198.928069
198.928110
198.928150
198.928191
198.928234
198.928276
198.928319
198.928426
198.928490
198.938934
198.939531
198.939574
198.939603
198.939630
198.939657
198.939684
198.939711
198.939739
198.939769
198.976716
198.976741
198.976765
198.976776
198.976788
198.976800
198.976859
198.976882
198.976916
198.976928
198.976940
198.976951
198.976974
198.977009
198.977021
198.977067
198.977078
198.977101
198.977158
198.977170
198.977239
198.977273
198.977285
198.977307
198.977319
198.977329
198.977363
198.977419
198.977430
198.977455
198.977470
198.977508
198.977516
198.977523
198.977531
198.977610
198.977625
198.977647
198.977655
198.977662
198.977670
198.977684
198.977706
198.977779
198.977809
198.977816
198.977830
198.977863
198.977870
198.977910
198.977930
198.977936
198.977949
198.977955
198.977962
198.977981
198.978172
198.978178
