789.325717
789.326892
789.654262
789.654284
789.654293
789.654309
790.594865
790.594906
790.594948
790.594991
790.595032
790.595080
790.595130
790.595176
790.595219
790.595263
790.595305
790.595345
790.595472
790.595518
790.595561
790.663332
790.663401
790.663468
790.663517
790.663556
790.663595
790.663635
790.663676
790.663774
790.663816
790.663857
790.663898
790.663937
790.663977
790.664020
790.664060
790.664100
790.664141
790.664181
790.697479
790.697549
790.697614
790.697643
790.697695
790.802916
790.802946
791.997516
791.998550
791.998604
791.998634
791.998670
792.130563
792.130629
792.130693
792.130746
792.130789
792.130830
792.130872
792.130912
792.131005
792.131050
792.131079
792.131121
792.131163
792.131203
792.131246
792.131275
792.131305
792.131350
792.131393
794.769578
794.769605
796.125656
796.125684
796.569807
796.569834
797.603388
797.603443
797.603487
797.603531
797.603572
797.603601
797.603664
797.603712
797.603744
797.603774
797.604375
799.601526
799.601573
799.601618
799.601648
799.601658
799.601673
800.130807
800.130835
800.130931
800.130972
800.130999
800.131028
801.577757
801.577827
801.577891
801.577938
801.577948
801.577960
801.772655
801.772719
802.038443
802.038509
802.038582
802.038616
802.038676
802.038723
802.038771
802.038817
802.038864
802.038907
802.039337
802.475482
802.475511
802.475543
802.475571
802.475605
802.475634
802.475662
802.475693
802.475721
802.475750
802.475780
802.475809
802.475839
802.475871
802.475901
802.476257
802.476309
802.572382
802.572429
802.572472
802.572483
802.572494
802.572504
802.572517
802.572527
802.572557
802.572582
802.572591
802.573035
802.573083
803.075371
803.075399
803.075475
803.075502
803.075530
803.075560
803.075587
803.075614
803.075641
803.075670
803.339390
803.339436
803.339483
803.339507
803.339516
803.339534
803.339546
803.339559
803.339569
803.339602
803.339614
803.339625
803.339637
803.339646
803.339658
803.339668
803.339680
803.894076
803.894106
803.894135
803.894164
803.894192
804.408744
804.408812
804.408882
804.408931
804.408978
804.409020
804.409065
804.409109
804.409151
804.409200
804.409244
804.409285
804.409325
804.409368
804.409478
804.409528
804.409572
804.409618
804.409724
804.439363
804.439392
804.893799
804.893864
804.893930
804.893989
804.894036
804.894081
804.894122
805.780797
805.780869
805.780936
805.781005
805.781060
805.781106
805.781221
805.781273
805.781306
805.781354
805.781397
805.781445
805.781491
805.781535
805.781581
805.781624
805.781667
805.781712
805.781758
805.781804
806.864214
806.864285
807.242230
807.242294
807.242362
807.242395
807.242458
807.242505
807.242962
807.243009
807.243039
807.243069
807.243097
807.243127
807.698197
807.699578
807.699638
807.699683
807.699727
807.699772
807.699815
807.699859
807.699902
807.699946
807.699990
807.700036
807.721247
807.721295
807.721355
807.721414
807.721519
807.721626
807.721674
807.721697
807.721814
807.721883
807.721941
807.721976
807.722013
807.722040
807.722078
807.722130
807.722216
807.722283
807.722314
807.722362
807.722439
807.722479
807.722513
807.722531
